0 -nan
0.1 -nan
0.2 -nan
0.3 -nan
0.4 -nan
0.5 -nan
0.6 -nan
0.7 -nan
0.8 -nan
0.9 -nan
1 -nan
1.1 12.514
1.2 29.4598
1.3 59.7285
1.4 60.4
1.5 60.4
1.6 -nan
1.7 -nan
1.8 -nan
1.9 -nan
2 11.3653
2.1 11.3926
2.2 11.3135
2.3 11.3414
2.4 11.3215
2.5 11.8677
2.6 14.9613
2.7 18.0299
2.8 20.7494
2.9 23.2876
3 25.631
3.1 27.7999
3.2 29.9564
3.3 31.8824
3.4 33.8029
3.5 35.6293
3.6 37.3617
3.7 39.0404
3.8 40.6653
3.9 42.2366
4 43.7541
4.1 45.2582
4.2 46.7489
4.3 48.1321
4.4 49.4617
4.5 50.9053
4.6 52.1814
4.7 53.4704
4.8 54.7797
4.9 55.9615
5 57.2508
5.1 58.399
5.2 59.6009
5.3 60.4
5.4 42.3977
5.5 31.0968
5.6 32.9837
5.7 34.7765
5.8 36.482
5.9 38.1339
6 39.7402
6.1 41.2898
6.2 42.8073
6.3 44.3249
6.4 45.735
6.5 47.0914
6.6 48.5015
6.7 49.8444
6.8 51.0799
6.9 52.4766
7 53.6181
7.1 54.961
7.2 56.0488
7.3 57.3784
7.4 58.4393
7.5 59.6541
7.6 60.4
7.7 37.8586
7.8 28.8809
7.9 30.7074
8 32.4398
8.1 34.1185
8.2 35.7434
8.3 37.3147
8.4 38.8322
8.5 40.3363
8.6 41.827
8.7 43.2102
8.8 44.5397
8.9 45.9941
9 47.2659
9.1 48.5485
9.2 49.8578
9.3 51.0463
9.4 52.3289
9.5 53.4771
9.6 54.679
9.7 55.8541
9.8 56.9083
9.9 58.164
10 59.1981
10.1 60.2187
10.2 60.4
10.3 36.9296
10.4 27.1418
10.5 28.9347
10.6 30.6133
10.7 32.2383
10.8 33.8096
10.9 35.3875
11 36.8849
11.1 38.3219
11.2 39.7051
11.3 41.1354
11.4 42.4985
11.5 43.7474
11.6 45.1508
11.7 46.3471
11.8 47.6554
11.9 48.8238
12 50.0861
12.1 51.1739
12.2 52.4632
12.3 53.5107
12.4 54.6656
12.5 55.8071
12.6 56.8277
12.7 57.9424
12.8 59.0436
12.9 60.0374
13 60.4
13.1 39.0409
13.2 25.2953
13.3 27.0008
13.4 28.6526
13.5 30.2508
13.6 31.7951
13.7 33.2858
13.8 34.7228
13.9 36.2067
14 37.5967
14.1 38.8994
14.2 40.2893
14.3 41.5718
14.4 42.8275
14.5 44.1234
14.6 45.3014
14.7 46.5676
14.8 47.7225
14.9 48.8775
15 50.0727
15.1 51.1202
15.2 52.3154
15.3 53.3898
15.4 54.4104
15.5 55.5385
15.6 56.5994
15.7 57.5932
15.8 58.5736
15.9 59.6748
16 60.4
16.1 48.4074
16.2 23.1331
16.3 24.7984
16.4 26.4099
16.5 27.9946
16.6 29.5121
16.7 30.9759
16.8 32.386
16.9 33.7961
17 35.2197
17.1 36.4955
17.2 37.8519
17.3 39.1277
17.4 40.3662
17.5 41.6524
17.6 42.8275
17.7 44.0429
17.8 45.2179
17.9 46.3124
18 47.5547
18.1 48.5887
18.2 49.6967
18.3 50.8449
18.4 51.8521
18.5 52.866
