0 -nan
0.1 -nan
0.2 -nan
0.3 -nan
0.4 -nan
0.5 -nan
0.6 -nan
0.7 -nan
0.8 -nan
0.9 -nan
1 -nan
1.1 22.6577
1.2 36.3718
1.3 68.7322
1.4 70.4512
1.5 70.4512
1.6 70.4512
1.7 -nan
1.8 -nan
1.9 -nan
2 21.4165
2.1 21.4253
2.2 21.4119
2.3 21.3799
2.4 21.3291
2.5 21.7873
2.6 24.6969
2.7 27.7588
2.8 30.5588
2.9 33.097
3 35.4405
3.1 37.6765
3.2 39.7715
3.3 41.7591
3.4 43.6258
3.5 45.4723
3.6 47.2472
3.7 48.9304
3.8 50.5554
3.9 52.1266
4 53.671
4.1 55.202
4.2 56.6389
4.3 58.0222
4.4 59.4121
4.5 60.8155
4.6 62.0645
4.7 63.4343
4.8 64.6564
4.9 65.9255
5 67.1344
5.1 68.3696
5.2 69.491
5.3 70.4512
5.4 55.4303
5.5 40.9869
5.6 42.8267
5.7 44.633
5.8 46.3721
5.9 48.0239
6 49.622
6.1 51.2
6.2 52.7377
6.3 54.2015
6.4 55.619
6.5 56.9948
6.6 58.4586
6.7 59.7345
6.8 61.0505
6.9 62.3666
7 63.5619
7.1 64.878
7.2 66.0195
7.3 67.2684
7.4 68.4099
7.5 69.538
7.6 70.4512
7.7 51.4014
7.8 38.7089
7.9 40.5705
8 42.3298
8.1 44.0085
8.2 45.6335
8.3 47.2047
8.4 48.7491
8.5 50.2801
8.6 51.717
8.7 53.1003
8.8 54.4969
8.9 55.8936
9 57.1426
9.1 58.5124
9.2 59.7345
9.3 61.0137
9.4 62.2189
9.5 63.4477
9.6 64.5691
9.7 65.8247
9.8 66.8722
9.9 68.0607
10 69.1687
10.1 70.1893
10.2 70.4512
10.3 50.4547
10.4 37.0117
10.5 38.771
10.6 40.4765
10.7 42.1322
10.8 43.7399
10.9 45.2843
11 46.775
11.1 48.2119
11.2 49.6153
11.3 51.0858
11.4 52.3885
11.5 53.6979
11.6 55.061
11.7 56.2361
11.8 57.6126
11.9 58.7071
12 60.0433
12.1 61.127
12.2 62.3666
12.3 63.4813
12.4 64.5556
12.5 65.7777
12.6 66.7984
12.7 67.8324
12.8 69.0142
12.9 70.008
13 70.4512
13.1 52.7578
13.2 35.1719
13.3 36.8774
13.4 38.5293
13.5 40.1341
13.6 41.6852
13.7 43.1759
13.8 44.6598
13.9 46.1304
14 47.4867
14.1 48.8095
14.2 50.2398
14.3 51.4619
14.4 52.7981
14.5 54.0135
14.6 55.2691
14.7 56.4442
14.8 57.6865
14.9 58.7541
15 60.0414
15.1 61.0908
15.2 62.2055
15.3 63.3604
15.4 64.3811
15.5 65.4286
15.6 66.5701
15.7 67.5639
15.8 68.5442
15.9 69.5649
16 70.4512
16.1 62.5614
16.2 32.9963
16.3 34.675
16.4 36.3045
16.5 37.8846
16.6 39.4022
16.7 40.866
16.8 42.2761
16.9 43.7668
17 45.1097
17.1 46.3855
17.2 47.8225
17.3 49.0177
17.4 50.3338
17.5 51.529
17.6 52.7914
17.7 53.9195
17.8 55.1861
17.9 56.2495
18 57.4783
18.1 58.5594
18.2 59.5934
18.3 60.8088
18.4 61.8227
18.5 62.83
