0 1
0.1 1
0.2 1
0.3 1
0.4 1
0.5 1
0.6 1
0.7 1
0.8 1
0.9 1
1 1
1.1 23
1.2 139
1.3 261
1.4 383
1.5 1
1.6 1
1.7 1
1.8 1
1.9 1
2 5.75491
2.1 9.7803
2.2 14.6307
2.3 19.4511
2.4 24.0532
2.5 28.6135
2.6 32.6015
2.7 36.152
2.8 39.3834
2.9 42.3689
3 45.1574
3.1 47.7833
3.2 50.2722
3.3 52.6435
3.4 54.9125
3.5 57.0913
3.6 59.2069
3.7 61.2331
3.8 63.1943
3.9 65.0965
4 66.9446
4.1 68.743
4.2 70.4956
4.3 72.2057
4.4 73.8761
4.5 75.5096
4.6 77.1085
4.7 78.6749
4.8 80.2107
4.9 81.7177
5 83.2094
5.1 84.663
5.2 86.092
5.3 48.8903
5.4 51.3255
5.5 53.6503
5.6 55.8784
5.7 58.0209
5.8 60.0871
5.9 62.0846
6 64.0197
6.1 65.8981
6.2 67.7243
6.3 69.5026
6.4 71.2505
6.5 72.9428
6.6 74.5968
6.7 76.2148
6.8 77.7992
6.9 79.352
7 80.875
7.1 82.3698
7.2 83.8379
7.3 85.2808
7.4 86.6997
7.5 88.0957
7.6 50.1424
7.7 52.5196
7.8 54.812
7.9 56.9947
8 59.0968
8.1 61.1266
8.2 63.0911
8.3 64.9963
8.4 66.8472
8.5 68.6482
8.6 70.4031
8.7 72.1154
8.8 73.7879
8.9 75.4233
9 77.024
9.1 78.5921
9.2 80.1295
9.3 81.6502
9.4 83.131
9.5 84.586
9.6 86.0163
9.7 87.4232
9.8 88.8079
9.9 90.1712
10 91.5143
10.1 92.8379
10.2 52.1178
10.3 54.4087
10.4 56.6069
10.5 58.7229
10.6 60.7652
10.7 62.7571
10.8 64.6721
10.9 66.532
11 68.3413
11.1 70.1039
11.2 71.8233
11.3 73.5024
11.4 75.144
11.5 76.7506
11.6 78.3241
11.7 79.8667
11.8 81.38
11.9 82.8657
12 84.3252
12.1 85.7716
12.2 87.1824
12.3 88.5708
12.4 89.9378
12.5 91.2843
12.6 92.6112
12.7 93.9194
12.8 95.2096
12.9 96.4825
13 53.8912
13.1 56.1097
13.2 58.2438
13.3 60.3023
13.4 62.2929
13.5 64.2373
13.6 66.1095
13.7 67.93
13.8 69.703
13.9 71.4321
14 73.1202
14.1 74.7702
14.2 76.3846
14.3 77.9655
14.4 79.5151
14.5 81.035
14.6 82.5269
14.7 83.9923
14.8 85.4325
14.9 86.8489
15 88.2539
15.1 89.6257
15.2 90.9768
15.3 92.3082
15.4 93.6206
15.5 94.9148
15.6 96.1917
15.7 97.4518
15.8 98.6958
15.9 99.9243
16 101.138
16.1 57.4307
16.2 59.5174
16.3 61.5334
16.4 63.5011
16.5 65.3943
16.6 67.2342
16.7 69.0251
16.8 70.7707
16.9 72.4742
17 74.1387
17.1 75.7665
17.2 77.3601
17.3 78.9215
17.4 80.4526
17.5 81.9551
17.6 83.4306
17.7 84.8804
17.8 86.3174
17.9 87.7195
18 89.0995
18.1 90.4585
18.2 91.7973
18.3 93.117
18.4 94.4181
18.5 95.7016
