0 0
0.1 0
0.2 0
0.3 0
0.4 0
0.5 0
0.6 0
0.7 0
0.8 0
0.9 0
1 0.08192
1.1 3.6864
1.2 19.0054
1.3 19.9885
1.4 19.9885
1.5 7.7824
1.6 0
1.7 0
1.8 0
1.9 0.08192
2 1.6384
2.1 2.8672
2.2 5.24288
2.3 7.12704
2.4 8.6016
2.5 10.1581
2.6 10.3219
2.7 10.3219
2.8 10.24
2.9 10.24
3 10.24
3.1 10.1581
3.2 10.24
3.3 10.1581
3.4 10.1581
3.5 10.24
3.6 10.24
3.7 10.1581
3.8 10.1581
3.9 10.1581
4 10.0762
4.1 10.1581
4.2 10.1581
4.3 10.1581
4.4 10.0762
4.5 10.1581
4.6 10.1581
4.7 10.0762
4.8 10.1581
4.9 10.0762
5 10.24
5.1 10.0762
5.2 10.1581
5.3 8.51968
5.4 8.76544
5.5 10.1581
5.6 10.1581
5.7 10.24
5.8 10.1581
5.9 10.1581
6 10.1581
6.1 10.0762
6.2 10.1581
6.3 10.1581
6.4 10.24
6.5 10.0762
6.6 10.1581
6.7 10.1581
6.8 10.0762
6.9 10.1581
7 10.0762
7.1 10.1581
7.2 10.0762
7.3 10.1581
7.4 10.0762
7.5 10.1581
7.6 7.45472
7.7 9.58464
7.8 10.24
7.9 10.1581
8 10.24
8.1 10.1581
8.2 10.1581
8.3 10.0762
8.4 10.1581
8.5 10.1581
8.6 10.1581
8.7 10.1581
8.8 10.0762
8.9 10.1581
9 10.1581
9.1 10.0762
9.2 10.1581
9.3 10.1581
9.4 10.1581
9.5 10.0762
9.6 10.1581
9.7 10.0762
9.8 10.0762
9.9 10.1581
10 10.0762
10.1 10.0762
10.2 7.45472
10.3 9.4208
10.4 10.1581
10.5 10.1581
10.6 10.1581
10.7 10.24
10.8 10.1581
10.9 10.1581
11 10.1581
11.1 10.1581
11.2 10.0762
11.3 10.1581
11.4 10.1581
11.5 10.0762
11.6 10.1581
11.7 10.0762
11.8 10.1581
11.9 10.0762
12 10.1581
12.1 10.1581
12.2 10.1581
12.3 10.0762
12.4 10.0762
12.5 10.1581
12.6 10.0762
12.7 10.0762
12.8 10.1581
12.9 10.0762
13 8.35584
13.1 8.35584
13.2 10.1581
13.3 10.1581
13.4 10.1581
13.5 10.24
13.6 10.1581
13.7 10.0762
13.8 10.1581
13.9 10.1581
14 10.1581
14.1 10.0762
14.2 10.1581
14.3 10.0762
14.4 10.1581
14.5 10.1581
14.6 10.0762
14.7 10.0762
14.8 10.1581
14.9 10.0762
15 10.24
15.1 10.0762
15.2 10.0762
15.3 10.1581
15.4 10.0762
15.5 10.0762
15.6 10.1581
15.7 10.0762
15.8 10.0762
15.9 10.0762
16 10.1581
16.1 6.38976
16.2 10.1581
16.3 10.1581
16.4 10.24
16.5 10.1581
16.6 10.1581
16.7 10.1581
16.8 10.0762
16.9 10.1581
17 10.1581
17.1 10.0762
17.2 10.1581
17.3 10.0762
17.4 10.1581
17.5 10.0762
17.6 10.1581
17.7 10.0762
17.8 10.24
17.9 10.0762
18 10.1581
18.1 10.0762
18.2 10.0762
18.3 10.1581
18.4 10.0762
18.5 8.35584
