0 0
0.1 0
0.2 0
0.3 0
0.4 0
0.5 0
0.6 0
0.7 0
0.8 0
0.9 0
1 0
1.1 23
1.2 139
1.3 261
1.4 383
1.5 1
1.6 1
1.7 1
1.8 1
1.9 1
2 6
2.1 10
2.2 15
2.3 20
2.4 25
2.5 29
2.6 33
2.7 37
2.8 40
2.9 43
3 46
3.1 48
3.2 51
3.3 53
3.4 55
3.5 58
3.6 60
3.7 62
3.8 64
3.9 66
4 67
4.1 69
4.2 71
4.3 73
4.4 74
4.5 76
4.6 78
4.7 79
4.8 81
4.9 82
5 84
5.1 85
5.2 87
5.3 69
5.4 52
5.5 54
5.6 56
5.7 59
5.8 61
5.9 63
6 65
6.1 66
6.2 68
6.3 70
6.4 72
6.5 73
6.6 75
6.7 77
6.8 78
6.9 80
7 81
7.1 83
7.2 84
7.3 86
7.4 87
7.5 89
7.6 58
7.7 53
7.8 55
7.9 57
8 60
8.1 62
8.2 64
8.3 65
8.4 67
8.5 69
8.6 71
8.7 73
8.8 74
8.9 76
9 78
9.1 79
9.2 81
9.3 82
9.4 84
9.5 85
9.6 87
9.7 88
9.8 89
9.9 91
10 92
10.1 93
10.2 62
10.3 55
10.4 57
10.5 59
10.6 61
10.7 63
10.8 65
10.9 67
11 69
11.1 71
11.2 72
11.3 74
11.4 76
11.5 77
11.6 79
11.7 80
11.8 82
11.9 83
12 85
12.1 86
12.2 88
12.3 89
12.4 90
12.5 92
12.6 93
12.7 94
12.8 96
12.9 97
13 77
13.1 57
13.2 59
13.3 61
13.4 63
13.5 65
13.6 67
13.7 68
13.8 70
13.9 72
14 74
14.1 75
14.2 77
14.3 78
14.4 80
14.5 82
14.6 83
14.7 84
14.8 86
14.9 87
15 89
15.1 90
15.2 91
15.3 93
15.4 94
15.5 95
15.6 97
15.7 98
15.8 99
15.9 100
16 102
16.1 58
16.2 60
16.3 62
16.4 64
16.5 66
16.6 68
16.7 70
16.8 71
16.9 73
17 75
17.1 76
17.2 78
17.3 79
17.4 81
17.5 82
17.6 84
17.7 85
17.8 87
17.9 88
18 90
18.1 91
18.2 92
18.3 94
18.4 95
18.5 75
