0 0
0.1 0
0.2 0
0.3 0
0.4 0
0.5 0
0.6 0
0.7 0
0.8 0
0.9 0
1 1024
1.1 4096
1.2 63488
1.3 63488
1.4 63488
1.5 0
1.6 0
1.7 0
1.8 0
1.9 0
2 1024
2.1 1024
2.2 0
2.3 2048
2.4 2048
2.5 5120
2.6 9216
2.7 13312
2.8 16384
2.9 18432
3 21504
3.1 23552
3.2 26688
3.3 28672
3.4 30720
3.5 33792
3.6 36864
3.7 38912
3.8 40960
3.9 43008
4 44032
4.1 46080
4.2 48128
4.3 49152
4.4 50176
4.5 52224
4.6 54336
4.7 55296
4.8 57344
4.9 58368
5 61440
5.1 62464
5.2 63488
5.3 41984
5.4 26624
5.5 28672
5.6 30720
5.7 32768
5.8 34816
5.9 36864
6 38976
6.1 39936
6.2 41984
6.3 44032
6.4 47104
6.5 48128
6.6 50176
6.7 52224
6.8 53248
6.9 55296
7 56320
7.1 58368
7.2 58368
7.3 60416
7.4 61440
7.5 62464
7.6 27648
7.7 22528
7.8 25600
7.9 27648
8 30720
8.1 32768
8.2 34816
8.3 35840
8.4 37888
8.5 39936
8.6 40960
8.7 43008
8.8 44032
8.9 46144
9 48128
9.1 49152
9.2 51200
9.3 53248
9.4 55296
9.5 56320
9.6 58368
9.7 59392
9.8 60416
9.9 62464
10 62464
10.1 62464
10.2 27648
10.3 20544
10.4 22528
10.5 24576
10.6 26624
10.7 29696
10.8 31744
10.9 33792
11 35840
11.1 37888
11.2 38912
11.3 40960
11.4 41984
11.5 43008
11.6 45056
11.7 46144
11.8 48128
11.9 49152
12 51200
12.1 53248
12.2 55296
12.3 56320
12.4 57344
12.5 59392
12.6 60416
12.7 61440
12.8 63488
12.9 62464
13 38912
13.1 18496
13.2 20480
13.3 22528
13.4 24576
13.5 27648
13.6 29696
13.7 30720
13.8 32768
13.9 34816
14 36864
14.1 37888
14.2 39936
14.3 39936
14.4 41984
14.5 44032
14.6 45120
14.7 46080
14.8 48128
14.9 49152
15 52224
15.1 53248
15.2 54272
15.3 56320
15.4 57344
15.5 58368
15.6 60416
15.7 60416
15.8 61440
15.9 62464
16 62528
16.1 15360
16.2 17408
16.3 19456
16.4 22528
16.5 24576
16.6 26624
16.7 28672
16.8 29696
16.9 31744
17 33792
17.1 33792
17.2 35840
17.3 36864
17.4 38976
17.5 39936
17.6 41984
17.7 43008
17.8 46080
17.9 47104
18 49152
18.1 50176
18.2 51200
18.3 53248
18.4 54272
18.5 32768
