0 0
0.1 0
0.2 0
0.3 0
0.4 0
0.5 0
0.6 0
0.7 0
0.8 0
0.9 0
1 0
1.1 3.58912
1.2 10.4499
1.3 10.6189
1.4 10.6189
1.5 9.5488
1.6 0
1.7 0
1.8 0
1.9 0.08192
2 1.63328
2.1 3.072
2.2 5.62176
2.3 7.3728
2.4 9.14432
2.5 10.5267
2.6 10.6189
2.7 10.6189
2.8 10.6189
2.9 10.7008
3 10.6189
3.1 10.6189
3.2 10.6189
3.3 10.624
3.4 10.6189
3.5 10.6189
3.6 10.6189
3.7 10.6189
3.8 10.6189
3.9 10.6189
4 10.6189
4.1 10.6189
4.2 10.6189
4.3 10.7008
4.4 10.6189
4.5 10.6189
4.6 10.6189
4.7 10.624
4.8 10.6189
4.9 10.6189
5 10.6189
5.1 10.6189
5.2 10.6189
5.3 10.6189
5.4 10.6189
5.5 10.6189
5.6 10.6189
5.7 10.7008
5.8 10.6189
5.9 10.6189
6 10.6189
6.1 10.624
6.2 10.6189
6.3 10.6189
6.4 10.6189
6.5 10.6189
6.6 10.6189
6.7 10.6189
6.8 10.6189
6.9 10.6189
7 10.6189
7.1 10.6189
7.2 10.7008
7.3 10.6189
7.4 10.6189
7.5 10.624
7.6 10.6189
7.7 10.6189
7.8 10.6189
7.9 10.6189
8 10.6189
8.1 10.6189
8.2 10.6189
8.3 10.6189
8.4 10.6189
8.5 10.6189
8.6 10.7008
8.7 10.6189
8.8 10.6189
8.9 10.6189
9 10.624
9.1 10.6189
9.2 10.6189
9.3 10.6189
9.4 10.6189
9.5 10.6189
9.6 10.6189
9.7 10.6189
9.8 10.6189
9.9 10.6189
10 10.7008
10.1 10.6189
10.2 10.6189
10.3 10.6189
10.4 10.624
10.5 10.6189
10.6 10.6189
10.7 10.6189
10.8 10.6189
10.9 10.6189
11 10.6189
11.1 10.6189
11.2 10.6189
11.3 10.6189
11.4 10.7008
11.5 10.6189
11.6 10.6189
11.7 10.6189
11.8 10.624
11.9 10.6189
12 10.6189
12.1 10.6189
12.2 10.6189
12.3 10.6189
12.4 10.6189
12.5 10.6189
12.6 10.6189
12.7 10.6189
12.8 10.6189
12.9 10.7008
13 10.6189
13.1 10.6189
13.2 10.624
13.3 10.6189
13.4 10.6189
13.5 10.6189
13.6 10.6189
13.7 10.6189
13.8 10.6189
13.9 10.6189
14 10.6189
14.1 10.6189
14.2 10.6189
14.3 10.7008
14.4 10.6189
14.5 10.6189
14.6 10.6189
14.7 10.624
14.8 10.6189
14.9 10.6189
15 10.6189
15.1 10.6189
15.2 10.6189
15.3 10.6189
15.4 10.6189
15.5 10.6189
15.6 10.6189
15.7 10.7008
15.8 10.6189
15.9 10.6189
16 10.6189
16.1 10.624
16.2 10.6189
16.3 10.6189
16.4 10.6189
16.5 10.6189
16.6 10.6189
16.7 10.6189
16.8 10.6189
16.9 10.6189
17 10.6189
17.1 10.7008
17.2 10.6189
17.3 10.6189
17.4 10.6189
17.5 10.624
17.6 10.6189
17.7 10.6189
17.8 10.6189
17.9 10.6189
18 10.6189
18.1 10.6189
18.2 10.6189
18.3 10.6189
18.4 10.6189
18.5 10.7008
