0 0
0.1 0
0.2 0
0.3 0
0.4 0
0.5 0
0.6 0.00512
0.7 0.01536
0.8 0.03072
0.9 0.06144
1 0.13312
1.1 0.34816
1.2 0.59904
1.3 0.62464
1.4 0.62464
1.5 0.62464
1.6 0.62464
1.7 0.62464
1.8 0.62464
1.9 0.34816
2 0.01024
2.1 0.02048
2.2 0.11776
2.3 0.16896
2.4 0.28672
2.5 0.4352
2.6 0.62464
2.7 0.62464
2.8 0.62464
2.9 0.2816
3 0.04096
3.1 0
3.2 0
3.3 0.00512
3.4 0.01024
3.5 0.03584
3.6 0.10752
3.7 0.16384
3.8 0.32768
3.9 0.4352
4 0.62464
4.1 0.62976
4.2 0.62464
4.3 0.62464
4.4 0.62464
4.5 0.62464
4.6 0.62464
4.7 0.62464
4.8 0.62464
4.9 0.62464
5 0.62464
5.1 0.62976
5.2 0.68608
5.3 0.48128
5.4 0
5.5 0
5.6 0
5.7 0.00512
5.8 0.01024
5.9 0.02048
6 0.04096
6.1 0.08192
6.2 0.18944
6.3 0.27136
6.4 0.2048
6.5 0.1792
6.6 0.18432
6.7 0.22528
6.8 0.30208
6.9 0.26112
7 0.20992
7.1 0.21504
7.2 0.26112
7.3 0.3328
7.4 0.31744
7.5 0.24064
7.6 0.24576
7.7 0.29696
7.8 0.36352
7.9 0.36352
8 0.2816
8.1 0.27648
8.2 0.3328
8.3 0.39424
8.4 0.39424
8.5 0.33792
8.6 0.3072
8.7 0.36864
8.8 0.42496
8.9 0.42496
9 0.39424
9.1 0.33792
9.2 0.40448
9.3 0.45568
9.4 0.45568
9.5 0.45056
9.6 0.36864
9.7 0.44032
9.8 0.4864
9.9 0.4864
10 0.49664
10.1 0.4096
10.2 0.44032
10.3 0.2304
10.4 0
10.5 0
10.6 0
10.7 0.00512
10.8 0.01024
10.9 0.02048
11 0.1024
11.1 0.13312
11.2 0.11776
11.3 0.12288
11.4 0.128
11.5 0.19968
11.6 0.21504
11.7 0.14848
11.8 0.1536
11.9 0.15872
12 0.24064
12.1 0.26624
12.2 0.1792
12.3 0.18432
12.4 0.18944
12.5 0.27648
12.6 0.30208
12.7 0.2304
12.8 0.21504
12.9 0.22016
13 0.31232
13.1 0.3328
13.2 0.28672
13.3 0.24576
13.4 0.25088
13.5 0.34816
13.6 0.36352
13.7 0.34304
13.8 0.27648
13.9 0.2816
14 0.384
14.1 0.39424
14.2 0.39936
14.3 0.3072
14.4 0.31232
14.5 0.41984
14.6 0.42496
14.7 0.4352
14.8 0.3584
14.9 0.34304
15 0.45568
15.1 0.45056
15.2 0.36352
15.3 0.2048
15.4 0
15.5 0
15.6 0
15.7 0.00512
15.8 0.01024
15.9 0.02048
16 0.04096
16.1 0.1792
16.2 0.11264
16.3 0.11264
16.4 0.11776
16.5 0.12288
16.6 0.2304
16.7 0.16896
16.8 0.14336
16.9 0.14848
17 0.1536
17.1 0.26624
17.2 0.22528
17.3 0.17408
17.4 0.1792
17.5 0.18944
17.6 0.29696
17.7 0.2816
17.8 0.2048
17.9 0.20992
18 0.22528
18.1 0.32768
18.2 0.32768
18.3 0.24576
18.4 0.24064
18.5 0.26624
18.6 0.35328
18.7 0.36352
18.8 0.29696
18.9 0.27136
19 0.30208
19.1 0.384
19.2 0.39424
19.3 0.35328
19.4 0.30208
19.5 0.33792
19.6 0.41472
19.7 0.42496
19.8 0.4096
19.9 0.3328
20 0.37376
20.1 0.44032
20.2 0.45568
20.3 0.45568
20.4 0.37888
20.5 0.40448
20.6 0.47616
20.7 0.4864
20.8 0.4864
20.9 0.4352
21 0.44032
21.1 0.50688
21.2 0.51712
21.3 0.51712
21.4 0.49152
21.5 0.47616
21.6 0.5376
21.7 0.54784
21.8 0.54784
21.9 0.54784
22 0.512
22.1 0.56832
22.2 0.57856
22.3 0.57856
22.4 0.5888
22.5 0.5632
22.6 0.59904
22.7 0.60928
22.8 0.60928
22.9 0.61952
23 0.61952
23.1 0.62464
23.2 0.62976
23.3 0.62464
23.4 0.62464
23.5 0.62464
23.6 0.62464
23.7 0.62464
23.8 0.62464
23.9 0.62464
24 0.62464
24.1 0.62464
24.2 0.62464
24.3 0.62464
24.4 0.62464
24.5 0.62464
24.6 0.62976
24.7 0.62464
24.8 0.62464
24.9 0.62464
25 0.62464
25.1 0.60928
25.2 0.7424
25.3 0.54784
25.4 0.2304
25.5 0
25.6 0
25.7 0
25.8 0.01536
25.9 0.02048
26 0.04096
26.1 0.08192
26.2 0.16384
26.3 0.2048
26.4 0.2816
26.5 0.22016
26.6 0.18944
26.7 0.19456
26.8 0.24064
26.9 0.31232
27 0.27648
27.1 0.22016
27.2 0.22528
27.3 0.27648
27.4 0.34304
27.5 0.3328
27.6 0.25088
27.7 0.256
27.8 0.31232
27.9 0.37376
28 0.37376
28.1 0.29696
28.2 0.28672
28.3 0.34816
28.4 0.40448
28.5 0.40448
28.6 0.35328
28.7 0.31744
28.8 0.384
28.9 0.4352
29 0.44032
29.1 0.40448
29.2 0.34816
29.3 0.42496
29.4 0.4608
29.5 0.47104
29.6 0.4608
29.7 0.37888
29.8 0.4608
29.9 0.49152
30 0.50176
30.1 0.49664
30.2 0.37376
30.3 0.24064
30.4 0
30.5 0
30.6 0
30.7 0.00512
30.8 0.01024
30.9 0.02048
31 0.0768
31.1 0.15872
31.2 0.11776
31.3 0.12288
31.4 0.128
31.5 0.17408
31.6 0.24064
31.7 0.14848
31.8 0.1536
31.9 0.15872
32 0.20992
32.1 0.27648
32.2 0.19968
32.3 0.18432
32.4 0.18944
32.5 0.24576
32.6 0.3072
32.7 0.256
32.8 0.21504
32.9 0.22016
33 0.2816
33.1 0.33792
33.2 0.31232
33.3 0.24576
33.4 0.25088
33.5 0.31744
33.6 0.36864
33.7 0.36864
33.8 0.27648
33.9 0.2816
34 0.35328
34.1 0.39936
