0 0
0.1 0
0.2 0
0.3 0
0.4 0
0.5 0
0.6 2
0.7 5
0.8 11
0.9 23
1 49
1.1 117
1.2 234
1.3 356
1.4 478
1.5 600
1.6 722
1.7 1
1.8 1
1.9 2
2 4
2.1 8
2.2 31
2.3 64
2.4 120
2.5 205
2.6 327
2.7 412
2.8 412
2.9 419
3 411
3.1 411
3.2 1
3.3 2
3.4 4
3.5 11
3.6 32
3.7 64
3.8 104
3.9 105
4 106
4.1 107
4.2 108
4.3 109
4.4 110
4.5 111
4.6 112
4.7 114
4.8 115
4.9 116
5 117
5.1 118
5.2 157
5.3 138
5.4 117
5.5 117
5.6 117
5.7 1
5.8 4
5.9 8
6 16
6.1 31
6.2 32
6.3 33
6.4 35
6.5 36
6.6 37
6.7 38
6.8 39
6.9 40
7 42
7.1 43
7.2 44
7.3 45
7.4 46
7.5 48
7.6 49
7.7 50
7.8 51
7.9 52
8 54
8.1 55
8.2 56
8.3 57
8.4 58
8.5 60
8.6 61
8.7 62
8.8 63
8.9 64
9 66
9.1 67
9.2 68
9.3 69
9.4 70
9.5 72
9.6 73
9.7 74
9.8 75
9.9 76
10 78
10.1 79
10.2 124
10.3 78
10.4 78
10.5 78
10.6 1
10.7 2
10.8 4
10.9 8
11 16
11.1 23
11.2 24
11.3 25
11.4 26
11.5 27
11.6 29
11.7 30
11.8 31
11.9 32
12 33
12.1 34
12.2 36
12.3 37
12.4 38
12.5 39
12.6 40
12.7 42
12.8 43
12.9 44
13 45
13.1 46
13.2 48
13.3 49
13.4 50
13.5 51
13.6 52
13.7 54
13.8 55
13.9 56
14 57
14.1 58
14.2 60
14.3 61
14.4 62
14.5 63
14.6 64
14.7 66
14.8 67
14.9 68
15 69
15.1 70
15.2 72
15.3 73
15.4 74
15.5 75
15.6 76
15.7 78
15.8 79
15.9 80
16 81
16.1 82
16.2 84
16.3 85
16.4 86
16.5 87
16.6 88
16.7 89
16.8 91
16.9 92
17 93
17.1 94
17.2 95
17.3 97
17.4 98
17.5 99
17.6 100
17.7 101
17.8 103
17.9 104
18 105
18.1 106
18.2 107
18.3 108
18.4 110
18.5 111
18.6 112
18.7 113
18.8 114
18.9 115
19 116
19.1 117
19.2 118
19.3 119
19.4 120
19.5 121
19.6 122
19.7 123
19.8 124
19.9 125
20 126
20.1 127
20.2 178
20.3 150
20.4 126
20.5 126
20.6 126
20.7 2
20.8 4
20.9 8
21 16
21.1 32
21.2 35
21.3 36
21.4 37
21.5 38
21.6 39
21.7 41
21.8 42
21.9 43
22 44
22.1 45
22.2 47
22.3 48
22.4 49
22.5 50
22.6 51
22.7 53
22.8 54
22.9 55
23 56
23.1 57
23.2 59
23.3 60
23.4 61
23.5 62
23.6 63
23.7 64
23.8 66
23.9 67
24 68
24.1 69
24.2 70
24.3 72
24.4 73
24.5 74
24.6 75
24.7 76
24.8 78
24.9 79
25 80
25.1 81
25.2 82
25.3 84
25.4 85
25.5 86
25.6 87
25.7 88
25.8 90
25.9 91
26 92
26.1 93
26.2 94
26.3 96
26.4 97
26.5 98
26.6 99
26.7 100
26.8 102
26.9 103
27 104
27.1 105
27.2 106
27.3 107
27.4 109
27.5 110
27.6 111
27.7 112
27.8 113
27.9 114
28 115
28.1 116
28.2 102
