0 1
0.1 1
0.2 1
0.3 1
0.4 1
0.5 1
0.6 2
0.7 5
0.8 11
0.9 23
1 49
1.1 117
1.2 234
1.3 356
1.4 478
1.5 600
1.6 722
1.7 1
1.8 1
1.9 2
2 4
2.1 8
2.2 31
2.3 64
2.4 120
2.5 205
2.6 327
2.7 243.5
2.8 365.5
2.9 205.505
3 205.544
3.1 205.544
3.2 1
3.3 2
3.4 4
3.5 11
3.6 32
3.7 64
3.8 103.242
3.9 104.063
4 105.228
4.1 106.391
4.2 107.532
4.3 108.66
4.4 109.777
4.5 110.883
4.6 111.978
4.7 113.062
4.8 114.136
4.9 115.2
5 116.255
<<<<<<< HEAD
5.1 117.274
5.2 156.5
5.3 59.5169
5.4 59.8688
5.5 59.8688
5.6 59.8688
5.7 1
=======
5.1 117.308
5.2 182.5
5.3 59.8521
5.4 59.8521
5.5 59.8521
5.6 59.8521
5.7 2
>>>>>>> da2880af75fda3ea8b01d78e256d6b2d5ec00cb2
5.8 4
5.9 8
6 16
6.1 30.0666
<<<<<<< HEAD
6.2 31.0811
6.3 32.374
6.4 34.0018
6.5 35.1306
6.6 36.1412
6.7 37.1512
6.8 38.422
6.9 39.9536
7 41.1864
7.1 42.1941
7.2 43.2014
7.3 44.4566
7.4 45.9176
7.5 47.2277
7.6 48.2335
7.7 49.2392
7.8 50.4829
7.9 51.8898
8 53.2595
8.1 54.2641
8.2 55.2685
8.3 56.5034
8.4 57.8676
8.5 59.2003
8.6 60.2885
8.7 61.292
8.8 62.5199
8.9 63.8495
9 65.1519
9.1 66.3083
9.2 67.3113
9.3 68.5334
9.4 69.8344
9.5 71.1257
9.6 72.3248
9.7 73.3273
9.8 74.5581
9.9 75.8217
10 77.0905
10.1 78.3004
10.2 39.0256
10.3 40.1874
10.4 40.1874
10.5 40.1874
=======
6.2 31.2737
6.3 32.9256
6.4 34.1193
6.5 35.1306
6.6 36.1412
6.7 37.3392
6.8 38.8878
6.9 40.1783
7 41.1864
7.1 42.1941
7.2 43.3863
7.3 44.8598
7.4 46.2216
7.5 47.2277
7.6 48.2335
7.7 49.4216
7.8 50.8382
7.9 52.2164
8 53.2595
8.1 54.2641
8.2 55.4492
8.3 56.8211
8.4 58.1607
8.5 59.2847
8.6 60.2885
8.7 61.4713
8.8 62.8072
8.9 64.1152
9 65.3053
9.1 66.3083
9.2 67.4893
9.3 68.7956
9.4 70.0774
9.5 71.3223
9.6 72.3248
9.7 73.5044
9.8 74.7858
9.9 76.0456
10 77.3107
10.1 78.3388
10.2 39.0256
10.3 40.1625
10.4 40.1625
10.5 40.1625
>>>>>>> da2880af75fda3ea8b01d78e256d6b2d5ec00cb2
10.6 1
10.7 2
10.8 4
10.9 8
<<<<<<< HEAD
11 16
11.1 22.1145
11.2 23.5184
11.3 24.5185
11.4 25.5185
11.5 26.5186
11.6 28.023
11.7 29.5185
11.8 30.5184
11.9 31.5183
12 32.5183
12.1 33.9629
12.2 35.518
12.3 36.5179
12.4 37.5177
12.5 38.5176
12.6 39.9205
12.7 41.3966
12.8 42.5171
12.9 43.517
13 44.5169
13.1 45.8888
13.2 47.3055
13.3 48.5164
13.4 49.5162
13.5 50.5161
13.6 51.8643
13.7 53.2347
13.8 54.5156
13.9 55.5155
14 56.5154
14.1 57.8447
14.2 59.178
14.3 60.5149
14.4 61.5148
14.5 62.5147
14.6 63.8288
14.7 65.1317
14.8 66.4391
14.9 67.5142
15 68.5141
15.1 69.8012
15.2 71.0649
15.3 72.348
15.4 73.5136
15.5 74.527
15.6 75.7911
15.7 77.0344
15.8 78.2963
15.9 79.5131
16 80.5378
16.1 81.7824
16.2 83.0203
16.3 84.2519
16.4 85.4892
16.5 86.5472
16.6 87.7749
16.7 88.9969
16.8 90.2134
16.9 91.4356
17 92.5553
17.1 93.7683
17.2 94.9764
17.3 96.1796
17.4 97.3886
17.5 98.5624
17.6 99.7625
17.7 100.958
17.8 102.15
17.9 103.337
18 104.511
18.1 105.672
18.2 106.821
18.3 107.966
18.4 109.09
18.5 110.203
18.6 111.304
18.7 112.395
18.8 113.475
18.9 114.546
19 115.606
19.1 116.656
19.2 117.698
19.3 118.73
19.4 119.753
19.5 120.767
19.6 121.773
19.7 122.779
19.8 123.769
19.9 124.751
20 125.725
20.1 126.7
20.2 178
20.3 64.0704
20.4 64.4439
20.5 64.4439
20.6 64.4439
20.7 2
20.8 4
20.9 8
21 16
21.1 32
21.2 34.2496
21.3 35.8201
21.4 36.8932
21.5 37.8832
21.6 38.8737
21.7 40.1646
21.8 41.6561
21.9 42.8399
22 43.8325
22.1 44.8253
22.2 46.1013
22.3 47.5328
22.4 48.7995
22.5 49.7937
22.6 50.7881
22.7 52.0524
22.8 53.4367
22.9 54.7678
23 55.7631
23.1 56.7586
23.2 58.0135
23.3 59.3598
23.4 60.6763
23.5 61.7384
23.6 62.7347
23.7 63.9817
23.8 65.2969
23.9 66.5861
24 67.7179
24.1 68.7149
24.2 69.9554
24.3 71.2444
24.4 72.5106
24.5 73.7008
24.6 74.6982
24.7 75.9331
24.8 77.2001
24.9 78.4466
25 79.6861
25.1 80.6839
25.2 81.8774
25.3 83.126
25.4 84.356
25.5 85.5918
25.6 86.6716
25.7 87.8634
25.8 89.0954
25.9 90.3106
26 91.5315
26.1 92.6716
26.2 93.8512
26.3 95.0687
26.4 96.2708
26.5 97.4786
26.6 98.6717
26.7 99.8404
26.8 101.045
26.9 102.236
27 103.422
27.1 104.605
27.2 105.765
27.3 106.912
27.4 108.047
27.5 109.17
27.6 110.282
27.7 111.383
27.8 112.473
27.9 113.553
28 114.622
28.1 115.682
28.2 116.732
=======
11 21.3311
11.1 22.5182
11.2 23.5184
11.3 24.5185
11.4 25.5185
11.5 27.0047
11.6 28.5185
11.7 29.5185
11.8 30.5184
11.9 31.5183
12 32.9765
12.1 34.5181
12.2 35.518
12.3 36.5179
12.4 37.5177
12.5 38.9309
12.6 40.4185
12.7 41.5172
12.8 42.5171
12.9 43.517
13 44.8972
13.1 46.3227
13.2 47.5165
13.3 48.5164
13.4 49.5162
13.5 50.8713
13.6 52.2486
13.7 53.5158
13.8 54.5156
13.9 55.5155
14 56.8506
14.1 58.1895
14.2 59.5151
14.3 60.5149
14.4 61.5148
14.5 62.8339
14.6 64.1414
14.7 65.4533
14.8 66.5143
14.9 67.5142
15 68.82
15.1 41
15.2 35.0286
15.3 36.1529
15.4 36.1529
15.5 36.1529
15.6 1
15.7 2
15.8 4
15.9 8
16 16
16.1 20.6175
16.2 21.6594
16.3 22.6534
16.4 23.6478
16.5 24.6427
16.6 26.407
16.7 27.6292
16.8 28.6253
16.9 29.6217
17 30.6183
17.1 32.2727
17.2 33.6091
17.3 34.6064
17.4 35.6038
17.5 36.6286
17.6 38.1798
17.7 39.5946
17.8 40.5926
17.9 41.5907
18 42.6358
18.1 44.1117
18.2 45.5398
18.3 46.5822
18.4 47.5807
18.5 48.6615
18.6 50.0597
18.7 51.4587
18.8 52.5739
18.9 53.5727
19 54.6631
19.1 56.0186
19.2 57.3769
19.3 58.5673
19.4 59.5663
19.5 60.6643
19.6 61.9853
19.7 63.3104
19.8 64.5618
19.9 65.561
20 66.6653
20.1 67.9432
20.2 69.2408
20.3 70.5146
20.4 71.5565
20.5 72.6522
20.6 73.9213
20.7 75.1956
20.8 76.4486
20.9 77.5526
21 78.6538
21.1 79.9027
21.2 81.157
21.3 82.3922
21.4 83.5493
21.5 84.6552
21.6 85.8866
21.7 87.1236
21.8 88.3433
21.9 89.5464
22 90.6563
22.1 91.8726
22.2 93.0945
22.3 94.3006
22.4 95.5124
22.5 96.6573
22.6 97.8603
22.7 99.0689
22.8 100.263
22.9 101.463
23 102.648
23.1 103.83
23.2 105.008
23.3 106.164
23.4 107.307
23.5 108.438
23.6 109.557
23.7 110.665
23.8 111.762
23.9 112.848
24 113.925
24.1 114.99
24.2 116.047
24.3 117.093
24.4 118.131
24.5 119.159
24.6 120.187
24.7 121.198
24.8 122.2
24.9 123.194
25 124.181
25.1 125.135
25.2 154.5
25.3 63.2318
25.4 63.9396
25.5 63.9396
25.6 63.9396
25.7 1
25.8 4
25.9 8
26 16
26.1 32
26.2 32.9853
26.3 34.177
26.4 35.7507
26.5 36.9343
26.6 37.9232
26.7 38.9127
26.8 40.1027
26.9 41.5964
27 42.8753
27.1 43.867
27.2 44.8591
27.3 46.0474
27.4 47.4805
27.5 48.8306
27.6 49.8241
27.7 50.8179
27.8 52.0047
27.9 53.3902
28 54.7406
28.1 55.7903
28.2 56.7853
28.3 57.9706
28.4 59.3179
28.5 60.6353
28.6 61.7629
28.7 62.7589
28.8 63.9429
28.9 65.2588
29 66.5637
29.1 67.7403
29.2 68.7369
29.3 69.9341
29.4 71.2096
29.5 72.4901
29.6 73.7213
29.7 74.7185
29.8 75.9135
29.9 77.1679
30 78.4277
30.1 54.5
30.2 39.5253
30.3 40.6974
30.4 40.6974
30.5 40.6974
30.6 1
30.7 2
30.8 4
30.9 8
31 21.0951
31.1 22.5182
31.2 23.5184
31.3 24.5185
31.4 25.5185
31.5 26.8187
31.6 28.5185
31.7 29.5185
31.8 30.5184
31.9 31.5183
32 32.794
32.1 34.4019
32.2 35.518
32.3 36.5179
32.4 37.5177
32.5 38.7765
32.6 40.2946
32.7 41.5172
32.8 42.5171
32.9 43.517
33 44.7633
33.1 46.2146
33.2 47.5165
33.3 48.5164
33.4 49.5162
33.5 50.7532
33.6 52.1528
33.7 53.5158
33.8 54.5156
33.9 55.5155
34 56.745
34.1 58.1035
>>>>>>> da2880af75fda3ea8b01d78e256d6b2d5ec00cb2
