0 0
0.1 0
0.2 0
0.3 0
0.4 0
0.5 0.08192
0.6 0.24576
0.7 0.49152
0.8 0.98304
0.9 1.96608
1 4.25984
1.1 11.1411
1.2 19.1693
1.3 19.9885
1.4 19.9885
1.5 19.9885
1.6 19.9885
1.7 16.3021
1.8 0
1.9 0.16384
2 0.32768
2.1 0.65536
2.2 3.76832
2.3 5.40672
2.4 9.17504
2.5 13.9264
2.6 19.9885
2.7 14.2541
2.8 0
2.9 0.65536
3 0
3.1 0
3.2 0.08192
3.3 0.16384
3.4 0.32768
3.5 1.14688
3.6 3.44064
3.7 5.24288
3.8 8.51968
3.9 7.04512
4 10.0762
4.1 10.1581
4.2 10.0762
4.3 10.0762
4.4 10.0762
4.5 10.0762
4.6 10.0762
4.7 10.1581
4.8 10.0762
4.9 10.0762
5 10.0762
5.1 9.8304
5.2 8.27392
5.3 3.35872
5.4 0
5.5 0
5.6 0
5.7 0.08192
5.8 0.49152
5.9 0.65536
6 1.31072
6.1 2.53952
6.2 2.62144
6.3 3.44064
6.4 4.58752
6.5 3.2768
6.6 3.03104
6.7 3.11296
6.8 4.01408
6.9 4.99712
7 4.25984
7.1 3.52256
7.2 3.60448
7.3 4.58752
7.4 5.48864
7.5 5.16096
7.6 4.01408
7.7 4.096
7.8 5.16096
7.9 5.98016
8 6.06208
8.1 4.5056
8.2 4.58752
8.3 5.7344
8.4 6.47168
8.5 6.5536
8.6 5.40672
8.7 5.07904
8.8 6.30784
8.9 6.9632
9 7.04512
9.1 6.30784
9.2 5.57056
9.3 6.88128
9.4 7.45472
9.5 7.61856
9.6 7.12704
9.7 6.06208
9.8 7.53664
9.9 7.86432
10 8.11008
10.1 8.02816
10.2 4.17792
10.3 0
10.4 0
10.5 0
10.6 0.08192
10.7 0.16384
10.8 0.32768
10.9 0.65536
11 1.31072
11.1 2.94912
11.2 2.70336
11.3 2.048
11.4 2.12992
11.5 2.21184
11.6 3.52256
11.7 3.60448
11.8 2.53952
11.9 2.62144
12 2.70336
12.1 4.01408
12.2 4.58752
12.3 3.03104
12.4 3.11296
12.5 3.19488
12.6 4.58752
12.7 5.07904
12.8 3.93216
12.9 3.60448
13 3.6864
13.1 5.16096
13.2 5.57056
13.3 4.83328
13.4 4.096
13.5 4.17792
13.6 5.7344
13.7 6.06208
13.8 5.7344
13.9 4.58752
14 4.66944
14.1 6.30784
14.2 6.5536
14.3 6.63552
14.4 5.07904
14.5 5.16096
14.6 6.88128
14.7 7.04512
14.8 7.12704
14.9 5.98016
15 5.65248
15.1 7.3728
15.2 7.45472
15.3 7.61856
15.4 7.04512
15.5 6.22592
15.6 7.86432
15.7 7.94624
15.8 8.11008
15.9 7.94624
16 6.79936
16.1 8.35584
16.2 8.51968
16.3 8.51968
16.4 8.68352
16.5 7.53664
16.6 8.84736
16.7 8.92928
16.8 9.09312
16.9 9.17504
17 8.51968
17.1 9.33888
17.2 9.4208
17.3 9.58464
17.4 9.66656
17.5 9.50272
17.6 9.8304
17.7 9.91232
17.8 10.0762
17.9 10.0762
18 10.0762
18.1 10.0762
18.2 10.0762
18.3 10.1581
18.4 10.1581
18.5 10.0762
18.6 10.0762
18.7 10.0762
18.8 10.0762
18.9 10.0762
19 10.0762
19.1 10.0762
19.2 10.0762
19.3 10.0762
19.4 10.0762
19.5 10.0762
19.6 10.0762
19.7 10.1581
19.8 10.0762
19.9 10.0762
20 10.0762
20.1 11.0592
20.2 7.86432
20.3 3.2768
20.4 0
20.5 0
20.6 0
20.7 0.24576
20.8 0.32768
20.9 0.65536
21 1.31072
21.1 2.62144
21.2 3.76832
21.3 4.58752
21.4 3.2768
21.5 3.11296
21.6 3.19488
21.7 4.34176
21.8 5.07904
21.9 4.17792
22 3.60448
22.1 3.6864
22.2 4.9152
22.3 5.57056
22.4 5.07904
22.5 4.096
22.6 4.17792
22.7 5.48864
22.8 6.06208
22.9 5.98016
23 4.58752
23.1 4.66944
23.2 6.06208
23.3 6.5536
23.4 6.5536
23.5 5.40672
23.6 5.16096
23.7 6.5536
23.8 7.12704
23.9 7.04512
24 6.30784
24.1 5.65248
24.2 7.12704
24.3 7.61856
24.4 7.53664
24.5 7.20896
24.6 6.144
24.7 7.70048
24.8 8.11008
24.9 8.02816
25 8.11008
25.1 6.63552
25.2 8.02816
25.3 8.6016
25.4 8.51968
25.5 8.68352
25.6 7.70048
25.7 8.6016
25.8 9.09312
25.9 9.0112
26 9.17504
26.1 8.68352
26.2 9.09312
26.3 9.58464
26.4 9.50272
26.5 9.66656
26.6 9.66656
26.7 9.58464
26.8 10.0762
26.9 9.99424
27 10.0762
27.1 10.1581
27.2 10.0762
27.3 10.0762
27.4 10.1581
27.5 10.0762
27.6 10.0762
27.7 10.0762
27.8 10.0762
27.9 10.0762
28 10.0762
28.1 10.0762
28.2 8.84736
