0 -nan
0.1 -nan
0.2 -nan
0.3 -nan
0.4 -nan
0.5 -nan
0.6 43.0037
0.7 43.8228
0.8 44.7445
0.9 47.8874
1 52.8341
1.1 57.5416
1.2 65.1291
1.3 100.945
1.4 121.745
1.5 133.429
1.6 133.845
1.7 133.852
1.8 133.886
1.9 125.223
2 43.8229
2.1 44.6421
2.2 46.2805
2.3 49.5573
2.4 55.3881
2.5 69.6277
2.6 89.3405
2.7 126.09
2.8 133.926
2.9 81.956
3 -nan
3.1 -nan
3.2 -nan
3.3 43.2768
3.4 43.8229
3.5 44.6421
3.6 46.2805
3.7 49.5573
3.8 54.4294
3.9 60.4449
4 45.4992
4.1 46.4343
4.2 47.3592
4.3 48.3597
4.4 49.2729
4.5 50.166
4.6 51.0591
4.7 51.9387
4.8 52.8183
4.9 53.6845
5 54.5507
5.1 55.6924
5.2 49.9356
5.3 43.0037
5.4 -nan
5.5 -nan
5.6 -nan
5.7 43.0037
5.8 43.4133
5.9 43.8229
6 44.6421
6.1 46.3798
6.2 46.049
6.3 43.103
6.4 43.1001
6.5 43.1208
6.6 43.0796
6.7 43.1762
6.8 43.1508
6.9 43.1471
7 43.1636
7.1 43.1112
7.2 43.1829
7.3 43.2378
7.4 43.1818
7.5 43.1955
7.6 43.1362
7.7 43.1793
7.8 43.3041
7.9 43.2085
8 43.2161
8.1 43.1587
8.2 43.1762
8.3 43.3499
8.4 43.2297
8.5 43.232
8.6 43.1778
8.7 43.1836
8.8 43.3734
8.9 43.2469
9 43.2447
9.1 43.1942
9.2 43.1992
9.3 43.3627
9.4 43.2916
9.5 43.255
9.6 43.2063
9.7 43.2151
9.8 43.3487
9.9 43.3314
10 43.2635
10.1 44.5138
10.2 43.8544
10.3 43.0037
10.4 -nan
10.5 -nan
10.6 -nan
10.7 43.0037
10.8 43.4133
10.9 44.369
11 46.2805
11.1 46.5784
11.2 43.4311
11.3 43.4297
11.4 43.4133
11.5 43.4794
11.6 43.4426
11.7 43.4275
11.8 43.4133
11.9 43.3818
12 43.5109
12.1 43.4374
12.2 43.425
12.3 43.4028
12.4 43.3568
12.5 43.5293
12.6 43.4338
12.7 43.4233
12.8 43.3955
12.9 43.3365
13 43.5413
13.1 43.4311
13.2 43.422
13.3 43.3901
13.4 43.3197
13.5 43.5304
13.6 43.4636
13.7 43.4211
13.8 43.386
13.9 43.3055
14 43.5211
14.1 43.4856
14.2 43.4342
14.3 43.3828
14.4 43.3234
14.5 43.5032
14.6 43.5015
14.7 43.4322
14.8 43.3801
14.9 43.3296
15 43.4785
15.1 44.4851
15.2 43.4864
15.3 43.3826
15.4 43.3385
15.5 43.4435
15.6 43.5039
15.7 43.4621
15.8 43.3761
15.9 43.3465
16 43.4255
16.1 43.4985
16.2 43.478
16.3 43.3745
16.4 43.3503
16.5 43.4095
16.6 43.4937
16.7 43.4906
16.8 43.3732
16.9 43.3538
17 43.3952
17.1 43.4895
17.2 43.4953
17.3 43.3801
17.4 43.3568
17.5 43.3824
17.6 43.4856
17.7 43.4942
17.8 43.5646
17.9 43.9829
18 44.8748
18.1 45.9088
18.2 46.8539
18.3 47.7688
18.4 48.682
18.5 49.5818
18.6 50.4816
18.7 51.3679
18.8 52.2543
18.9 53.1272
19 54.0203
19.1 54.8999
19.2 55.746
19.3 56.592
19.4 57.4246
19.5 58.2573
19.6 59.0765
19.7 59.9012
19.8 60.7082
19.9 61.5139
20 62.3063
20.1 61.2698
20.2 56.2616
20.3 45.9797
20.4 -nan
20.5 -nan
20.6 -nan
20.7 43.0037
20.8 43.4133
20.9 43.8229
21 45.7344
21.1 49.5573
21.2 44.5458
21.3 43.7527
21.4 43.7547
21.5 43.708
21.6 43.7511
21.7 43.7205
21.8 43.703
21.9 43.6896
22 43.6539
22.1 43.7221
22.2 43.6892
22.3 43.6661
22.4 43.6427
22.5 43.6092
22.6 43.696
22.7 43.6727
22.8 43.6375
22.9 43.6074
23 43.5717
23.1 43.674
23.2 43.6614
23.3 43.6147
23.4 43.5797
23.5 43.5398
23.6 43.6551
23.7 43.6531
23.8 43.5961
23.9 43.5576
24 43.5122
24.1 43.6388
24.2 43.6388
24.3 43.5936
24.4 43.5394
24.5 43.4882
24.6 43.6246
24.7 43.6246
24.8 43.5943
24.9 43.5242
25 43.4671
25.1 45.0057
25.2 44.0809
25.3 43.6017
25.4 43.5284
25.5 43.4484
25.6 43.5779
25.7 43.6009
25.8 43.5975
25.9 43.522
26 43.4539
26.1 43.5619
26.2 43.5909
26.3 43.595
26.4 43.525
26.5 43.4518
26.6 43.5407
26.7 43.5929
26.8 43.6063
26.9 43.5947
27 44.0166
27.1 44.9956
27.2 45.9894
27.3 46.9161
27.4 47.8293
27.5 48.7425
27.6 49.6422
27.7 50.542
27.8 51.4284
27.9 52.3147
28 53.2279
28.1 54.1008
28.2 54.9603
