0 -nan
0.1 -nan
0.2 -nan
0.3 -nan
0.4 -nan
0.5 -nan
<<<<<<< HEAD
0.6 83.1915
0.7 84.0106
0.8 84.4202
0.9 85.649
1 87.76
1.1 91.5762
1.2 101.711
1.3 125.575
1.4 154.97
1.5 170.743
1.6 174.06
1.7 174.026
1.8 174.053
1.9 174.07
2 83.601
2.1 84.0106
2.2 85.7559
2.3 89.745
2.4 94.6602
2.5 99.7874
2.6 121.813
2.7 155.225
2.8 173.059
2.9 174.117
3 83.1915
3.1 -nan
3.2 -nan
3.3 83.1915
3.4 83.601
3.5 83.8936
3.6 86.2342
3.7 89.745
3.8 96.2986
3.9 100.539
4 90.1489
4.1 86.2957
4.2 87.2179
4.3 88.1379
4.4 89.0444
4.5 89.9508
4.6 90.8439
4.7 91.784
4.8 92.677
4.9 93.5432
5 94.4094
5.1 95.9329
5.2 90.1936
5.3 88.8667
5.4 83.1915
5.5 -nan
5.6 -nan
5.7 -nan
5.8 83.4645
5.9 84.0106
6 84.8298
6.1 86.4682
6.2 89.5336
6.3 83.2514
6.4 83.2521
6.5 83.3805
6.6 83.3052
6.7 83.3243
6.8 83.2939
6.9 83.287
7 83.4372
7.1 83.3475
7.2 83.3629
7.3 83.3255
7.4 83.3156
7.5 83.4735
7.6 83.3792
7.7 83.3921
7.8 83.35
7.9 83.3394
8 83.4987
8.1 83.4038
8.2 83.4149
8.3 83.3696
8.4 83.3595
8.5 83.4855
8.6 83.4687
8.7 83.4332
8.8 83.3855
8.9 83.3768
9 83.4743
9.1 83.5148
9.2 83.4482
9.3 83.3987
9.4 83.3917
9.5 83.4705
9.6 83.5439
9.7 83.4608
9.8 83.4075
9.9 83.407
10 83.4617
10.1 84.6391
10.2 84.1678
10.3 83.1915
10.4 -nan
10.5 -nan
10.6 -nan
10.7 83.1915
10.8 83.601
10.9 84.0106
11 84.8298
11.1 86.1857
11.2 84.8811
11.3 83.6352
11.4 83.6174
11.5 83.6326
11.6 83.4912
11.7 83.7439
11.8 83.6284
11.9 83.6143
12 83.6267
12.1 83.4816
12.2 83.7376
12.3 83.6238
12.4 83.6121
12.5 83.6226
12.6 83.4894
12.7 83.6966
12.8 83.6621
12.9 83.6106
13 83.6197
13.1 83.4954
13.2 83.6631
13.3 83.6858
13.4 83.6094
13.5 83.6174
13.6 83.5001
13.7 83.6352
13.8 83.702
13.9 83.6085
14 83.6157
14.1 83.5041
14.2 83.6221
14.3 83.7137
14.4 83.6212
14.5 83.6143
14.6 83.5172
14.7 83.6011
14.8 83.7058
14.9 83.6466
15 83.6131
15.1 83.7592
15.2 84.3833
15.3 83.699
15.4 83.6733
15.5 83.6065
15.6 83.5278
15.7 83.5536
15.8 83.693
15.9 83.6864
16 83.6011
16.1 83.5321
16.2 83.5448
16.3 83.6846
16.4 83.6908
16.5 83.6056
16.6 83.536
16.7 83.5328
16.8 83.68
16.9 83.6859
17 83.6209
17.1 83.5394
17.2 83.5364
17.3 83.6616
17.4 83.6816
17.5 83.6331
17.6 83.5426
17.7 83.5427
17.8 83.7252
17.9 84.0233
18 84.7335
18.1 85.6735
18.2 86.6002
18.3 87.5279
18.4 88.5139
18.5 89.4405
18.6 90.3403
18.7 91.2266
18.8 92.113
18.9 92.9859
19 93.8588
19.1 94.7183
19.2 95.5778
19.3 96.4239
19.4 97.2699
19.5 98.1026
19.6 98.9352
19.7 99.7559
19.8 100.58
19.9 101.386
20 102.192
20.1 102.39
20.2 95.333
20.3 93.6896
20.4 86.6752
20.5 -nan
20.6 -nan
20.7 83.1915
20.8 83.601
20.9 84.0106
21 84.8298
21.1 86.4682
21.2 88.4114
21.3 84.3086
21.4 83.9476
21.5 83.9221
21.6 83.9244
21.7 83.85
21.8 83.9301
21.9 83.9124
22 83.8773
22.1 83.8803
22.2 83.7847
22.3 83.9006
22.4 83.8898
22.5 83.8435
22.6 83.8468
22.7 83.7334
22.8 83.876
22.9 83.8741
23 83.817
23.1 83.8205
23.2 83.6921
23.3 83.8551
23.4 83.8551
23.5 83.809
23.6 83.7993
23.7 83.6685
23.8 83.8275
23.9 83.8372
24 83.8059
24.1 83.7818
24.2 83.6582
24.3 83.7946
24.4 83.8216
24.5 83.8035
24.6 83.7671
24.7 83.6495
24.8 83.7657
24.9 83.808
25 83.8017
25.1 84.4239
25.2 85.0946
25.3 83.7164
25.4 83.7959
25.5 83.7922
25.6 83.764
25.7 83.6483
25.8 83.695
25.9 83.7852
26 83.7893
26.1 83.761
26.2 83.6532
26.3 83.683
26.4 83.7756
26.5 83.7796
26.6 83.7586
26.7 83.6617
26.8 83.6857
26.9 83.7872
27 84.0508
27.1 84.7972
27.2 85.7407
27.3 86.6673
27.4 87.6275
27.5 88.6012
27.6 89.501
27.7 90.4007
27.8 91.2871
27.9 92.1734
28 93.0463
28.1 93.9193
28.2 94.7788
=======
0.6 43.0037
0.7 43.8228
0.8 44.7445
0.9 47.8874
1 52.8341
1.1 57.5416
1.2 65.1291
1.3 100.945
1.4 121.745
1.5 133.429
1.6 133.845
1.7 133.852
1.8 133.886
1.9 125.223
2 43.8229
2.1 44.6421
2.2 46.2805
2.3 49.5573
2.4 55.3881
2.5 69.6277
2.6 89.3405
2.7 126.09
2.8 133.926
2.9 81.956
3 -nan
3.1 -nan
3.2 -nan
3.3 43.2768
3.4 43.8229
3.5 44.6421
3.6 46.2805
3.7 49.5573
3.8 54.4294
3.9 60.4449
4 45.4992
4.1 46.4343
4.2 47.3592
4.3 48.3597
4.4 49.2729
4.5 50.166
4.6 51.0591
4.7 51.9387
4.8 52.8183
4.9 53.6845
5 54.5507
5.1 53.5477
5.2 49.1467
5.3 43.1931
5.4 -nan
5.5 -nan
5.6 -nan
5.7 43.0037
5.8 43.4133
5.9 43.8229
6 45.424
6.1 49.3339
6.2 43.0805
6.3 43.103
6.4 43.1001
6.5 43.0857
6.6 43.1474
6.7 43.1508
6.8 43.1508
6.9 43.1471
7 43.1187
7.1 43.1468
7.2 43.2495
7.3 43.1858
7.4 43.1818
7.5 43.1445
7.6 43.1462
7.7 43.3126
7.8 43.2125
7.9 43.2085
8 43.1653
8.1 43.1566
8.2 43.3451
8.3 43.2337
8.4 43.2297
8.5 43.1823
8.6 43.1757
8.7 43.3476
8.8 43.2684
8.9 43.2469
9 43.1965
9.1 43.1921
9.2 43.3333
9.3 43.3163
9.4 43.2576
9.5 43.2108
9.6 43.2063
9.7 43.3208
9.8 43.3521
9.9 43.2663
10 43.2233
10.1 44.255
10.2 43.6391
10.3 43.0037
10.4 -nan
10.5 -nan
10.6 -nan
10.7 43.0037
10.8 43.6864
10.9 44.6421
11 46.2805
11.1 46.5784
11.2 43.4133
11.3 43.4133
11.4 43.4953
11.5 43.4285
11.6 43.4426
11.7 43.4001
11.8 43.3892
11.9 43.5157
12 43.4257
12.1 43.4374
12.2 43.3918
12.3 43.363
12.4 43.5338
12.5 43.4238
12.6 43.4338
12.7 43.386
12.8 43.3418
12.9 43.5455
13 43.4224
13.1 43.4311
13.2 43.3818
13.3 43.3243
13.4 43.538
13.5 43.4506
13.6 43.4291
13.7 43.3786
13.8 43.3096
13.9 43.528
14 43.4754
14.1 43.4275
14.2 43.3885
14.3 43.3173
14.4 43.5094
14.5 43.5038
14.6 43.4261
14.7 43.3853
14.8 43.3239
14.9 43.484
15 43.5157
15.1 44.9538
15.2 43.4078
15.3 43.0037
15.4 -nan
15.5 -nan
15.6 -nan
15.7 43.0037
15.8 43.6864
15.9 44.6421
16 46.2805
16.1 45.6252
16.2 43.5499
16.3 43.4275
16.4 43.6386
16.5 43.528
16.6 43.5394
16.7 43.5195
16.8 43.4133
16.9 43.5936
17 43.5157
17.1 43.5157
17.2 43.5002
17.3 43.4038
17.4 43.545
17.5 43.5372
17.6 43.4996
17.7 43.4868
17.8 43.3969
17.9 43.5058
18 43.5499
18.1 43.4878
18.2 43.477
18.3 43.3851
18.4 43.4806
18.5 43.5583
18.6 43.4789
18.7 43.4696
18.8 43.3818
18.9 43.4638
19 43.5717
19.1 43.478
19.2 43.478
19.3 43.3792
19.4 43.4393
19.5 43.56
19.6 43.4977
19.7 43.4718
19.8 43.377
19.9 43.4181
20 43.5499
20.1 44.175
20.2 43.3819
20.3 43.3796
20.4 43.3908
20.5 43.5411
20.6 43.5259
20.7 43.4625
20.8 43.3777
20.9 43.3753
21 43.5333
21.1 43.525
21.2 43.4718
21.3 43.3761
21.4 43.3696
21.5 43.5187
21.6 43.5187
21.7 43.4866
21.8 43.3747
21.9 43.372
22 43.4982
22.1 43.513
22.2 43.4983
22.3 43.3735
22.4 43.3742
22.5 43.4798
22.6 43.5079
22.7 43.5079
22.8 43.3724
22.9 43.3973
23 43.6667
23.1 44.403
23.2 45.3448
23.3 46.2714
23.4 47.1981
23.5 48.1113
23.6 49.0245
23.7 50.0048
23.8 50.8912
23.9 51.7775
24 52.6505
24.1 53.5234
24.2 54.3829
24.3 55.2424
24.4 56.0884
24.5 56.9374
24.6 57.7738
24.7 58.6064
24.8 59.4256
24.9 60.2448
25 61.0506
25.1 62.114
25.2 53.3778
25.3 49.1549
25.4 -nan
25.5 -nan
25.6 -nan
25.7 43.0037
25.8 43.4133
25.9 43.8229
26 44.6421
26.1 46.1748
26.2 46.8048
26.3 43.7988
26.4 43.7995
26.5 43.7774
26.6 43.7456
26.7 43.7813
26.8 43.7449
26.9 43.743
27 43.7254
27.1 43.6727
27.2 43.7473
27.3 43.7147
27.4 43.7009
27.5 43.6864
27.6 43.6151
27.7 43.7191
27.8 43.6949
27.9 43.6684
28 43.6561
28.1 43.5683
28.2 43.6953
28.3 43.6809
28.4 43.6424
28.5 43.6318
28.6 43.5332
28.7 43.6731
28.8 43.6669
28.9 43.6273
29 43.6028
29.1 43.5064
29.2 43.6554
29.3 43.65
29.4 43.6234
29.5 43.5794
29.6 43.4831
29.7 43.6399
29.8 43.6352
29.9 43.6204
30 43.56
30.1 44.4109
30.2 44.0002
30.3 43.0037
30.4 -nan
30.5 -nan
30.6 -nan
30.7 43.0037
30.8 43.6864
30.9 44.6421
31 46.2805
31.1 46.5784
31.2 43.4311
31.3 43.3519
31.4 43.5421
31.5 43.4285
31.6 43.4426
31.7 43.4275
31.8 43.3175
31.9 43.5558
32 43.4257
32.1 43.4374
32.2 43.425
32.3 43.292
32.4 43.5642
32.5 43.4238
32.6 43.4338
32.7 43.4233
32.8 43.2992
32.9 43.5285
33 43.4551
33.1 43.4311
33.2 43.422
33.3 43.3049
33.4 43.4953
33.5 43.4816
33.6 43.4291
33.7 43.4133
33.8 43.3137
33.9 43.4672
34 43.4999
34.1 43.4275
>>>>>>> da2880af75fda3ea8b01d78e256d6b2d5ec00cb2
