0 0 0
0.1 0 0
0.2 0 0
0.3 0 0
0.4 0 0
0.5 0 0
0.6 0.00512 0.08192
0.7 0.01536 0.24576
0.8 0.03072 1.31072
0.9 0.06144 2.12992
1 0.13312 3.93216
1.1 0.34816 5.81632
1.2 0.59904 9.58464
1.3 0.62464 9.99424
1.4 0.62464 9.99424
1.5 0.62464 9.99424
1.6 0.62464 9.99424
1.7 0.62464 9.99424
1.8 0.62464 9.99424
1.9 0.34816 1.72032
2 0.01024 0.32768
2.1 0.02048 0.65536
2.2 0.11776 1.31072
2.3 0.16896 2.62144
2.4 0.28672 5.57056
2.5 0.4352 9.99424
2.6 0.62464 9.99424
2.7 0.62464 9.99424
2.8 0.62464 9.99424
2.9 0.2816 1.14688
3 0.04096 0
3.1 0 0
3.2 0 0
3.3 0.00512 0.24576
3.4 0.01024 0.32768
3.5 0.03584 0.65536
3.6 0.10752 1.31072
3.7 0.16384 2.62144
3.8 0.32768 6.22592
3.9 0.4352 9.99424
4 0.62464 9.99424
4.1 0.62976 10.0762
4.2 0.62464 9.99424
4.3 0.62464 9.99424
4.4 0.62464 9.99424
4.5 0.62464 9.99424
4.6 0.62464 9.99424
4.7 0.62464 9.99424
4.8 0.62464 9.99424
4.9 0.62464 9.99424
5 0.62464 9.99424
5.1 0.62976 10.8954
5.2 0.68608 8.35584
5.3 0.48128 5.48864
5.4 0 0
5.5 0 0
5.6 0 0
5.7 0.00512 0.08192
5.8 0.01024 0.16384
5.9 0.02048 0.32768
6 0.04096 1.80224
6.1 0.08192 2.70336
6.2 0.18944 2.62144
6.3 0.27136 2.70336
6.4 0.2048 2.78528
6.5 0.1792 4.096
6.6 0.18432 4.66944
6.7 0.22528 3.19488
6.8 0.30208 3.19488
6.9 0.26112 3.2768
7 0.20992 4.66944
7.1 0.21504 5.16096
7.2 0.26112 4.096
7.3 0.3328 3.6864
7.4 0.31744 3.76832
7.5 0.24064 5.24288
7.6 0.24576 5.65248
7.7 0.29696 4.99712
7.8 0.36352 4.17792
7.9 0.36352 4.25984
8 0.2816 5.81632
8.1 0.27648 6.144
8.2 0.3328 5.89824
8.3 0.39424 4.66944
8.4 0.39424 4.75136
8.5 0.33792 6.38976
8.6 0.3072 6.63552
8.7 0.36864 6.63552
8.8 0.42496 5.3248
8.9 0.42496 5.24288
9 0.39424 6.9632
9.1 0.33792 7.12704
9.2 0.40448 7.12704
9.3 0.45568 6.22592
9.4 0.45568 5.81632
9.5 0.45056 7.45472
9.6 0.36864 7.61856
9.7 0.44032 7.61856
9.8 0.4864 7.12704
9.9 0.4864 6.38976
10 0.49664 7.94624
10.1 0.4096 7.94624
10.2 0.44032 5.48864
10.3 0.2304 1.88416
10.4 0 0
10.5 0 0
10.6 0 0
10.7 0.00512 0.08192
10.8 0.01024 0.49152
10.9 0.02048 0.65536
11 0.1024 1.31072
11.1 0.13312 1.80224
11.2 0.11776 1.96608
11.3 0.12288 3.60448
11.4 0.128 2.4576
11.5 0.19968 2.21184
11.6 0.21504 2.29376
11.7 0.14848 2.53952
11.8 0.1536 4.17792
11.9 0.15872 3.2768
12 0.24064 2.70336
12.1 0.26624 2.78528
12.2 0.1792 3.11296
12.3 0.18432 4.66944
12.4 0.18944 4.17792
12.5 0.27648 3.19488
12.6 0.30208 3.2768
12.7 0.2304 3.6864
12.8 0.21504 5.16096
12.9 0.22016 5.07904
13 0.31232 3.6864
13.1 0.3328 3.76832
13.2 0.28672 4.25984
13.3 0.24576 5.65248
13.4 0.25088 5.65248
13.5 0.34816 4.5056
13.6 0.36352 4.25984
13.7 0.34304 4.83328
13.8 0.27648 6.144
13.9 0.2816 6.144
14 0.384 5.40672
14.1 0.39424 4.75136
14.2 0.39936 5.40672
14.3 0.3072 6.63552
14.4 0.31232 6.63552
14.5 0.41984 6.30784
14.6 0.42496 5.24288
14.7 0.4352 5.98016
14.8 0.3584 7.12704
14.9 0.34304 7.12704
15 0.45568 7.20896
15.1 0.45056 5.7344
15.2 0.36352 4.01408
15.3 0.2048 2.62144
15.4 0 0
15.5 0 0
15.6 0 0
15.7 0.00512 0.08192
15.8 0.01024 0.49152
15.9 0.02048 0.65536
16 0.04096 1.31072
16.1 0.1792 1.6384
16.2 0.11264 1.72032
16.3 0.11264 2.37568
16.4 0.11776 3.2768
16.5 0.12288 2.048
16.6 0.2304 2.12992
16.7 0.16896 2.21184
16.8 0.14336 2.94912
16.9 0.14848 4.096
17 0.1536 2.62144
17.1 0.26624 2.62144
17.2 0.22528 2.70336
17.3 0.17408 3.52256
17.4 0.1792 4.58752
17.5 0.18944 3.52256
17.6 0.29696 3.11296
17.7 0.2816 3.19488
17.8 0.2048 4.096
17.9 0.20992 5.07904
18 0.22528 4.42368
18.1 0.32768 3.60448
18.2 0.32768 3.6864
18.3 0.24576 4.75136
18.4 0.24064 5.48864
18.5 0.26624 5.3248
18.6 0.35328 4.096
18.7 0.36352 4.17792
18.8 0.29696 5.3248
18.9 0.27136 5.98016
19 0.30208 6.144
19.1 0.384 4.66944
19.2 0.39424 4.66944
19.3 0.35328 5.89824
19.4 0.30208 6.47168
19.5 0.33792 6.63552
19.6 0.41472 5.57056
19.7 0.42496 5.16096
19.8 0.4096 6.47168
19.9 0.3328 6.9632
20 0.37376 7.12704
20.1 0.44032 6.47168
20.2 0.45568 5.65248
20.3 0.45568 6.9632
20.4 0.37888 7.45472
20.5 0.40448 7.61856
20.6 0.47616 7.45472
20.7 0.4864 6.144
20.8 0.4864 7.53664
20.9 0.4352 7.94624
21 0.44032 8.11008
21.1 0.50688 8.11008
21.2 0.51712 6.88128
21.3 0.51712 8.11008
21.4 0.49152 8.43776
21.5 0.47616 8.6016
21.6 0.5376 8.6016
21.7 0.54784 7.7824
21.8 0.54784 8.68352
21.9 0.54784 8.92928
22 0.512 9.09312
22.1 0.56832 9.09312
22.2 0.57856 8.68352
22.3 0.57856 9.25696
22.4 0.5888 9.4208
22.5 0.5632 9.58464
22.6 0.59904 9.58464
22.7 0.60928 9.58464
22.8 0.60928 9.8304
22.9 0.61952 9.91232
23 0.61952 9.99424
23.1 0.62464 10.0762
23.2 0.62976 9.99424
23.3 0.62464 9.99424
23.4 0.62464 9.99424
23.5 0.62464 9.99424
23.6 0.62464 9.99424
23.7 0.62464 9.99424
23.8 0.62464 9.99424
23.9 0.62464 9.99424
24 0.62464 9.99424
24.1 0.62464 9.99424
24.2 0.62464 9.99424
24.3 0.62464 9.99424
24.4 0.62464 9.99424
24.5 0.62464 10.0762
24.6 0.62976 9.99424
24.7 0.62464 9.99424
24.8 0.62464 9.99424
24.9 0.62464 9.99424
25 0.62464 9.99424
25.1 0.60928 10.4038
25.2 0.7424 11.223
25.3 0.54784 8.43776
25.4 0.2304 0
25.5 0 0
25.6 0 0
25.7 0 0.08192
25.8 0.01536 0.16384
25.9 0.02048 0.32768
26 0.04096 0.65536
26.1 0.08192 2.53952
26.2 0.16384 4.096
26.3 0.2048 2.78528
26.4 0.2816 2.8672
26.5 0.22016 2.94912
26.6 0.18944 4.34176
26.7 0.19456 4.83328
26.8 0.24064 3.44064
26.9 0.31232 3.35872
27 0.27648 3.44064
27.1 0.22016 4.9152
27.2 0.22528 5.3248
27.3 0.27648 4.34176
27.4 0.34304 3.85024
27.5 0.3328 3.93216
27.6 0.25088 5.48864
27.7 0.256 5.81632
27.8 0.31232 5.24288
27.9 0.37376 4.34176
28 0.37376 4.42368
28.1 0.29696 6.06208
28.2 0.28672 6.30784
28.3 0.34816 6.144
28.4 0.40448 4.83328
28.5 0.40448 4.9152
28.6 0.35328 6.71744
28.7 0.31744 6.71744
28.8 0.384 6.88128
28.9 0.4352 5.48864
29 0.44032 5.48864
29.1 0.40448 7.20896
29.2 0.34816 7.20896
29.3 0.42496 7.3728
29.4 0.4608 6.38976
29.5 0.47104 6.06208
29.6 0.4608 7.70048
29.7 0.37888 7.70048
29.8 0.4608 7.86432
29.9 0.49152 7.29088
30 0.50176 6.63552
30.1 0.49664 8.02816
30.2 0.37376 5.65248
30.3 0.24064 2.048
30.4 0 0
30.5 0 0
30.6 0 0
30.7 0.00512 0.08192
30.8 0.01024 0.49152
30.9 0.02048 0.65536
31 0.0768 1.31072
31.1 0.15872 1.80224
31.2 0.11776 1.88416
31.3 0.12288 3.2768
31.4 0.128 2.8672
31.5 0.17408 2.21184
31.6 0.24064 2.29376
31.7 0.14848 2.37568
31.8 0.1536 3.85024
31.9 0.15872 3.76832
32 0.20992 2.70336
32.1 0.27648 2.78528
32.2 0.19968 2.8672
32.3 0.18432 4.42368
32.4 0.18944 4.66944
32.5 0.24576 3.19488
32.6 0.3072 3.2768
32.7 0.256 3.35872
32.8 0.21504 4.99712
32.9 0.22016 5.24288
33 0.2816 4.01408
33.1 0.33792 3.76832
33.2 0.31232 3.85024
33.3 0.24576 5.57056
33.4 0.25088 5.7344
33.5 0.31744 4.9152
33.6 0.36864 4.25984
33.7 0.36864 4.42368
33.8 0.27648 6.06208
33.9 0.2816 6.22592
34 0.35328 5.81632
34.1 0.39936 4.75136
