0 0 0 0 0 0 0
0.1 0.8192 0.90112 0.90112 0.90112 0.90112 0.8192
0.2 0 0 0 0 0 0
0.3 0 0 0 0 0 0
0.4 0 0 0 0 0 0
0.5 0 0 0 0 0 0
0.6 0.3328 0.00512 0.32768 0.00512 0.08192 0.08704
0.7 0.50688 0.01536 0.49152 0.01536 0.73728 0.34304
0.8 1.01376 0.03072 0.98304 0.03072 0.98304 1.47456
0.9 2.02752 0.08704 1.96608 0.1536 1.96608 2.0992
1 4.20864 0.2304 3.93216 0.22528 3.93216 4.17792
1.1 10.1786 0.35328 8.51968 0.35328 7.86432 7.16288
1.2 12.6413 0.59392 9.99424 0.59392 9.58464 10.1837
1.3 12.585 0.62464 9.99424 0.62464 9.99424 10.6189
1.4 12.6669 0.62464 9.99424 0.62464 9.99424 10.6189
1.5 12.585 0.62464 9.99424 0.62976 9.99424 10.6189
1.6 12.6669 0.62464 9.99424 0.62464 9.99424 10.6189
1.7 12.585 0.62464 9.99424 0.62464 9.99424 10.6189
1.8 3.49184 0.62464 8.43776 0.62464 9.50272 10.6189
1.9 0.45056 0.22528 0.16384 0.15872 0.16384 0.8448
2 0.33792 0.01024 0.32768 0.03072 0.32768 0.34816
2.1 0.71168 0.06144 0.65536 0.04096 0.65536 0.69632
2.2 2.7904 0.08192 1.39264 0.08192 1.31072 1.39264
2.3 4.83328 0.16384 4.34176 0.16384 3.2768 2.78528
2.4 7.53664 0.32768 6.88128 0.32768 6.9632 6.90176
2.5 12.4979 0.51712 9.99424 0.57856 9.99424 10.6189
2.6 12.585 0.62464 9.99424 0.62464 9.99424 10.6189
2.7 12.6669 0.62464 9.99424 0.62976 9.99424 10.6189
2.8 2.18112 0.62464 7.3728 0.62464 8.43776 10.1274
2.9 0.87552 0.15872 0.65536 0.13312 0.65536 0.72704
3 0.04096 0.04096 0 0 0 0
3.1 0 0 0 0 0 0
3.2 0.08192 0 0.08192 0 0.08192 0.08192
3.3 0.16896 0.00512 0.16384 0.00512 0.16384 0.1792
3.4 0.33792 0.03072 0.32768 0.03072 0.32768 0.34816
3.5 0.96256 0.04096 0.65536 0.04096 0.65536 0.69632
3.6 3.35872 0.08192 2.12992 0.08192 1.31072 1.39264
3.7 4.83328 0.16384 4.25984 0.16384 4.01408 3.11296
3.8 7.61856 0.32768 6.9632 0.32768 6.9632 7.35232
3.9 9.75872 0.5632 9.99424 0.62464 9.99424 10.6189
4 10.7008 0.62464 9.99424 0.62464 9.99424 10.6189
4.1 10.7008 0.62464 9.99424 0.62464 9.99424 10.624
4.2 10.7008 0.62464 9.99424 0.62464 9.99424 10.6189
4.3 10.7008 0.62464 9.99424 0.62464 9.99424 10.6189
4.4 10.7008 0.62464 9.99424 0.62464 9.99424 10.6189
4.5 10.7008 0.62464 9.99424 0.62976 9.99424 10.6189
4.6 10.7008 0.62464 9.99424 0.62464 9.99424 10.6189
4.7 10.7827 0.62464 9.99424 0.62464 9.99424 10.6189
4.8 10.7008 0.62464 10.0762 0.62464 9.99424 10.6189
4.9 10.7008 0.62976 9.99424 0.62464 9.99424 10.6189
5 10.7008 0.62464 9.99424 0.62464 9.99424 10.6189
5.1 11.1002 7.75168 5.07904 6.62016 6.144 11.7965
5.2 8.97536 9.04192 0 8.94464 0 9.472
5.3 3.95776 5.00736 0 6.0928 0 6.9632
5.4 0.04608 0 0 0 0 0
5.5 0 0 0 0 0 0
5.6 0 0 0 0 0 0
5.7 0.08192 0.08704 0 0.08704 0 0.08704
5.8 0.50688 0.17408 0 0.17408 0 0.17408
5.9 0.67584 1.00352 0 0.43008 0 0.34816
6 1.35168 1.35168 0 1.92512 0 1.4336
6.1 2.62144 2.62144 0 2.64704 0 3.11808
6.2 2.78528 2.84672 0 2.88256 0 3.0208
6.3 3.62496 2.9696 0 2.90816 0 2.87232
6.4 4.74112 4.27008 0 3.20512 0 2.95936
6.5 3.61984 4.6848 0 4.6848 0 3.8656
6.6 3.21536 3.21536 0 4.31104 0 4.94592
6.7 3.31264 3.37408 0 3.4048 0 3.89632
6.8 4.22912 3.49696 0 3.456 0 3.39456
6.9 5.28896 4.89472 0 3.80928 0 3.4816
7 4.55168 5.20704 0 5.20704 0 4.46976
7.1 3.7376 4.1472 0 5.248 0 5.47328
7.2 3.84 3.90144 0 3.93216 0 4.83328
7.3 4.8384 4.0192 0 3.99872 0 3.93728
7.4 5.82144 5.52448 0 4.41344 0 4.00384
7.5 5.49376 5.72928 0 5.72928 0 5.07392
7.6 4.25984 5.07904 0 5.9392 0 6.00064
7.7 4.36736 4.4288 0 4.70016 0 5.76512
7.8 5.52448 4.54144 0 4.53632 0 4.48512
7.9 6.26176 6.15424 0 5.02784 0 4.52608
8 6.4512 6.25152 0 6.25152 0 5.6832
8.1 4.78208 6.01088 0 6.46656 0 6.52288
8.2 4.89472 4.95616 0 5.632 0 6.53312
8.3 6.12864 5.06368 0 5.05856 0 5.1968
8.4 6.784 6.784 0 5.6576 0 5.04832
8.5 6.99904 6.77376 0 6.77376 0 6.29248
8.6 5.71392 6.94272 0 6.99392 0 7.04512
8.7 5.42208 5.48352 0 6.56384 0 7.05536
8.8 6.7328 5.58592 0 5.5808 0 6.15424
8.9 7.30624 7.38816 0 6.28736 0 5.57056
9 7.54688 7.3216 0 7.296 0 6.90176
9.1 6.64576 7.46496 0 7.52128 0 7.56736
9.2 5.94944 6.42048 0 7.49568 0 7.5776
9.3 7.33696 6.19008 0 6.10304 0 7.08608
9.4 7.82848 7.9104 0 6.91712 0 6.1184
9.5 8.08448 7.86944 0 7.81824 0 7.51104
9.6 7.58784 7.9872 0 8.04864 0 8.0896
9.7 6.4768 7.35744 0 8.09984 0 8.09984
9.8 7.94112 6.79424 0 6.95296 0 8.02304
9.9 8.35072 8.43264 0 7.53664 0 6.66112
10 8.60672 8.4992 0 8.35072 0 8.12032
10.1 9.0368 3.12832 6.53312 4.19328 5.44256 9.09824
10.2 4.93568 0 5.99552 0 5.85728 5.74976
10.3 0.23552 0 0.31744 0 1.46432 2.49344
10.4 0 0 0 0 0 0
10.5 0 0 0 0 0 0
10.6 0.08192 0 0 0 0 0
10.7 0.16896 0 0.25088 0 0.25088 0.08704
10.8 0.33792 0 0.33792 0 0.33792 0.50176
10.9 0.67584 0 0.67584 0 0.7168 0.7168
11 1.37216 0 1.4336 0 1.39264 1.39264
11.1 2.95936 0 1.91488 0 1.91488 1.91488
11.2 2.98496 0 3.5584 0 2.49344 2.00192
11.3 2.17088 0 2.58048 0 3.64544 3.15904
11.4 2.25792 0 2.25792 0 2.304 3.34848
11.5 2.37056 0 2.43712 0 2.43712 2.37056
11.6 3.60448 0 2.4832 0 2.43712 2.43712
11.7 3.92704 0 4.16256 0 3.0976 2.52416
11.8 2.69312 0 3.51232 0 4.2496 3.76832
11.9 2.78016 0 2.78016 0 3.15904 4.28032
12 2.89792 0 2.96448 0 2.97472 2.9184
12.1 4.20864 0 3.11296 0 2.9696 2.95936
12.2 4.80256 0 4.6848 0 3.70176 3.0464
12.3 3.29728 0 4.44416 0 4.77184 4.3776
12.4 3.3024 0 3.3024 0 4.096 5.04832
12.5 3.42528 0 3.49184 0 3.49696 3.63008
12.6 4.8128 0 3.74272 0 3.51744 3.4816
12.7 5.3504 0 5.20704 0 4.30592 3.56864
12.8 4.22912 0 5.376 0 5.376 4.98688
12.9 3.82464 0 3.82464 0 4.95104 5.57056
13 3.95264 0 4.0192 0 4.0192 4.58752
13.1 5.41696 0 4.34688 0 4.06528 4.00384
13.2 5.89824 0 5.75488 0 4.91008 4.09088
13.3 5.16096 0 5.89824 0 5.89824 5.67808
13.4 4.34688 0 4.7616 0 5.89312 6.01088
13.5 4.48512 0 4.54144 0 4.53632 5.51936
13.6 6.016 0 4.95104 0 4.61312 4.55168
13.7 6.51776 0 6.30272 0 5.51424 4.61312
13.8 6.02112 0 6.42048 0 6.42048 6.28736
13.9 4.86912 0 5.69856 0 6.5024 6.53312
14 5.01248 0 5.06368 0 5.38624 6.4512
14.1 6.62016 0 5.5552 0 5.15072 5.09952
14.2 7.04 0 6.85056 0 6.12864 5.13536
14.3 6.89664 0 6.94272 0 6.94272 6.89664
14.4 5.47328 0 6.63552 0 7.02976 7.05536
14.5 5.53984 0 5.58592 0 6.31808 7.2192
14.6 7.22432 0 6.15936 0 5.67296 5.8112
14.7 7.56224 0 7.3984 0 6.7584 5.6576
14.8 7.44448 0 7.46496 0 7.46496 7.50592
14.9 6.40512 0 7.49056 0 7.55712 7.5776
15 6.0672 0 6.19008 0 7.24992 7.74144
15.1 8.064 0.4096 6.99904 0.4096 6.51264 7.08608
15.2 7.92064 0 7.83872 0 7.31648 6.272
15.3 8.08448 0 8.02304 0 7.90528 7.94624
15.4 7.5008 0 8.0128 0 8.07936 8.0128
15.5 6.67136 0 7.28576 0 8.25856 8.26368
15.6 8.26368 0 7.28064 0 6.79936 7.86432
15.7 8.44288 0 8.36096 0 7.94624 6.81984
15.8 8.60672 0 8.57088 0 8.42752 8.55552
15.9 8.45824 0 8.54016 0 8.60672 8.53504
16 7.19872 0 8.21248 0 8.7808 8.79104
16.1 8.86784 0 7.88992 0 7.7312 8.79104
16.2 8.96512 0 8.8832 0 8.5504 7.4496
16.3 9.12896 0 9.11872 0 8.97536 9.088
16.4 9.16992 0 9.14944 0 9.13408 9.05216
16.5 8.05376 0 9.0624 0 9.30304 9.31328
16.6 9.39008 0 8.4992 0 8.66304 9.31328
16.7 9.48736 0 9.48224 0 9.15456 8.48896
16.8 9.6512 0 9.5744 0 9.5232 9.61536
16.9 9.71776 0 9.69216 0 9.66144 9.5744
17 9.07264 0 9.74336 0 9.82528 9.83552
17.1 9.91232 0 9.34912 0 9.59488 9.83552
17.2 10.0096 0 10.0045 0 9.75872 9.51808
17.3 10.1734 0 10.0966 0 10.0762 10.153
17.4 10.2656 0 10.2451 0 10.1837 10.0966
17.5 10.0915 0 10.2656 0 10.3475 10.3578
17.6 10.4346 0 10.3629 0 10.3629 10.3578
17.7 10.5318 0 10.5267 0 10.5267 10.5318
17.8 10.6957 0 10.6189 0 10.537 10.5318
17.9 10.7008 0 10.6189 0 10.7008 10.7008
18 10.7059 0 10.6189 0 10.6189 10.6189
18.1 10.7827 0 10.6189 0 10.6189 10.6189
18.2 10.7008 0 10.6189 0 10.6189 10.6189
18.3 10.7008 0 10.6189 0 10.6189 10.624
18.4 10.7827 0 10.6189 0 10.6189 10.6189
18.5 10.7008 0 10.6189 0 10.6189 10.6189
18.6 10.7008 0 10.6189 0 10.6189 10.6189
18.7 10.7008 0 10.6189 0 10.624 10.6189
18.8 10.7008 0 10.6189 0 10.6189 10.6189
18.9 10.7008 0 10.6189 0 10.6189 10.6189
19 10.7008 0 10.7008 0 10.6189 10.6189
19.1 10.7008 0 10.624 0 10.6189 10.6189
19.2 10.7008 0 10.6189 0 10.6189 10.6189
19.3 10.7008 0 10.6189 0 10.7008 10.6189
19.4 10.7059 0 10.6189 0 10.6189 10.7008
19.5 10.7827 0 10.6189 0 10.6189 10.6189
19.6 10.7008 0 10.6189 0 10.6189 10.6189
19.7 10.7008 0 10.6189 0 10.6189 10.624
19.8 10.7008 0 10.6189 0 10.6189 10.6189
19.9 10.7008 0 10.6189 0 10.6189 10.6189
20 10.7008 0 10.6189 0 10.6189 10.6189
20.1 11.6224 9.56928 4.19328 8.41728 5.03296 12.2317
20.2 9.47712 9.5488 0 9.53344 0 10.1376
20.3 3.91168 5.38624 0 6.38976 0 7.42912
20.4 0.06144 0 0 0 0 0
20.5 0 0 0 0 0 0
20.6 0 0 0 0 0 0
20.7 0.25088 0.08704 0 0.08704 0 0.08704
20.8 0.33792 0.50176 0 0.41984 0 0.17408
20.9 0.67584 0.67584 0 0.75776 0 1.00352
21 1.35168 1.35168 0 1.38752 0 1.4336
21.1 2.71872 2.78016 0 2.80576 0 2.78528
21.2 3.95264 3.0464 0 2.98496 0 2.95936
21.3 4.82304 4.43904 0 3.37408 0 3.0464
21.4 3.54304 4.77184 0 4.85376 0 4.11648
21.5 3.3024 3.3024 0 4.3264 0 4.96128
21.6 3.40992 3.47136 0 3.49184 0 3.97824
21.7 4.56192 3.584 0 3.53792 0 3.4816
21.8 5.37088 5.14048 0 3.97824 0 3.56864
21.9 4.47488 5.29408 0 5.376 0 4.72576
22 3.82464 4.15232 0 5.26336 0 5.48352
22.1 3.93728 3.99872 0 4.01408 0 4.92032
22.2 5.16608 4.10624 0 4.08576 0 4.0192
22.3 5.9136 5.77024 0 4.5824 0 4.09088
22.4 5.41184 5.81632 0 5.89824 0 5.33504
22.5 4.34688 5.08416 0 5.95456 0 6.00576
22.6 4.46464 4.52608 0 4.78208 0 5.85216
22.7 5.77024 4.62848 0 4.62848 0 4.56704
22.8 6.43584 6.4 0 5.19168 0 4.61312
22.9 6.36928 6.33856 0 6.42048 0 5.94432
23 4.86912 6.016 0 6.48192 0 6.528
23.1 4.992 5.05344 0 5.71392 0 6.70208
23.2 6.29248 5.23264 0 5.15072 0 5.1968
23.3 7.04 6.94784 0 5.82144 0 5.13536
23.4 6.91712 6.8608 0 6.94272 0 6.5536
23.5 5.80096 6.94784 0 7.00928 0 7.05024
23.6 5.51936 5.5808 0 6.64576 0 7.22432
23.7 6.89664 5.8368 0 5.67296 0 6.15424
23.8 7.56224 7.4752 0 6.4512 0 5.6576
23.9 7.46496 7.40352 0 7.46496 0 7.16288
24 6.7328 7.55712 0 7.61856 0 7.57248
24.1 6.04672 6.43072 0 7.49568 0 7.74656
24.2 7.5008 6.44096 0 6.1952 0 7.0912
24.3 8.08448 7.99744 0 7.16288 0 6.20032
24.4 8.00256 7.95136 0 7.90528 0 7.77216
24.5 7.67488 8.08448 0 8.14592 0 8.17664
24.6 6.57408 7.36256 0 8.18688 0 8.18688
24.7 8.10496 7.04512 0 6.95808 0 8.02304
24.8 8.60672 8.51968 0 7.78752 0 6.74816
24.9 8.52992 8.4992 0 8.43264 0 8.38144
25 8.6272 8.61184 0 8.67328 0 8.69888
25.1 7.74144 2.00192 7.58784 3.00544 6.74816 9.10336
25.2 8.46336 0 7.48544 0 8.1408 8.87296
25.3 9.12896 0 8.96 0 8.14592 7.63904
25.4 9.04704 0 9.05216 0 8.99584 8.7296
25.5 9.19552 0 9.14432 0 9.18528 9.22112
25.6 8.2688 0 9.216 0 9.23136 9.23136
25.7 9.06752 0 8.33536 0 9.06752 9.3952
25.8 9.6512 0 9.48224 0 8.75008 8.66816
25.9 9.5744 0 9.5744 0 9.54368 9.2672
26 9.73824 0 9.69216 0 9.71264 9.74336
26.1 9.20576 0 9.74336 0 9.7536 9.7536
26.2 9.6768 0 9.34912 0 9.91744 9.91744
26.3 10.1683 0 10.0045 0 9.43616 9.68192
26.4 10.1786 0 10.0966 0 10.0915 9.82016
26.5 10.1786 0 10.24 0 10.24 10.2656
26.6 10.2502 0 10.2707 0 10.2758 10.2758
26.7 10.281 0 10.3629 0 10.4397 10.4397
26.8 10.6086 0 10.5267 0 10.4499 10.4499
26.9 10.7008 0 10.6189 0 10.6138 10.6138
27 10.7008 0 10.6189 0 10.6189 10.6189
27.1 10.7008 0 10.6189 0 10.6189 10.624
27.2 10.7008 0 10.6189 0 10.6189 10.6189
27.3 10.7008 0 10.6189 0 10.6189 10.6189
27.4 10.7827 0 10.6189 0 10.6189 10.6189
27.5 10.7008 0 10.6189 0 10.624 10.6189
27.6 10.7008 0 10.6189 0 10.6189 10.6189
27.7 10.7008 0 10.6189 0 10.6189 10.6189
27.8 10.7008 0 10.7059 0 10.6189 10.6189
27.9 10.7008 0 10.6189 0 10.6189 10.6189
28 10.7008 0 10.6189 0 10.6189 10.6189
28.1 10.7008 0 10.6189 0 10.7008 10.7008
28.2 9.55904 0 10.6189 0 10.6189 10.6189
