0 1024 2048 2048 2048 2048 1024
0.1 0 0 0 0 0 0
0.2 0 0 0 0 0 0
0.3 0 0 0 0 0 0
0.4 0 0 0 0 0 0
0.5 1024 0 0 0 0 0
0.6 0 0 0 0 0 0
0.7 0 0 0 0 0 1024
0.8 0 0 0 0 0 0
0.9 0 64 0 0 0 0
1 3072 0 0 0 0 0
1.1 19456 0 3072 0 0 1024
1.2 63488 0 27648 0 1024 1024
1.3 63488 0 53248 0 1024 1024
1.4 63488 0 63488 64 1024 1024
1.5 63488 0 63488 0 1024 1024
1.6 62464 0 63488 0 1024 1024
1.7 35840 0 63488 0 1024 1024
1.8 0 64 0 0 0 1024
1.9 0 0 0 0 0 0
2 0 0 0 0 0 0
2.1 0 0 0 0 0 0
2.2 13312 0 1024 0 0 0
2.3 22528 0 5120 0 1024 0
2.4 47104 0 10240 0 1024 1024
2.5 63488 0 34816 0 1024 1024
2.6 63488 0 60416 0 1024 1024
2.7 19456 0 63488 0 1024 1024
2.8 0 0 0 0 0 0
2.9 0 0 0 0 0 0
3 0 0 0 0 0 0
3.1 0 0 0 0 0 0
3.2 0 0 0 0 0 0
3.3 0 0 0 0 0 0
3.4 0 0 0 0 0 0
3.5 3072 0 0 0 0 0
3.6 5120 0 3072 0 0 0
3.7 12288 0 7168 0 1024 1024
3.8 27648 0 11264 0 1024 0
3.9 0 0 3072 0 1024 0
4 0 0 5120 0 1024 1024
4.1 1024 0 6144 0 1024 1024
4.2 1024 0 8192 0 1024 1024
4.3 1024 0 9216 0 1024 1024
4.4 1024 0 10240 64 1024 1024
4.5 1024 0 11264 0 1024 1024
4.6 1024 0 12288 0 1024 1024
4.7 1024 0 13312 0 1024 1024
4.8 1024 64 13312 0 1024 1024
4.9 1024 0 15360 0 1024 1024
5 2048 2048 18432 2048 3072 2048
5.1 1088 2048 0 1024 0 6144
5.2 1024 1024 0 1024 0 0
5.3 0 0 0 0 0 0
5.4 0 0 0 0 0 0
5.5 0 0 0 0 0 0
5.6 0 0 0 0 0 0
5.7 0 0 0 0 0 0
5.8 0 0 0 0 0 0
5.9 0 0 0 1024 0 0
6 0 0 0 0 0 1024
6.1 0 0 0 0 0 1024
6.2 0 0 0 64 0 0
6.3 1024 0 0 0 0 0
6.4 2048 1024 0 1024 0 0
6.5 0 0 0 1024 0 1024
6.6 0 0 0 0 0 0
6.7 0 0 0 64 0 0
6.8 1088 0 0 0 0 0
6.9 1024 1024 0 1024 0 0
7 0 2048 0 1024 0 1024
7.1 0 0 0 0 0 0
7.2 0 0 0 0 0 0
7.3 1024 0 0 0 0 0
7.4 1024 1024 0 1024 0 0
7.5 0 2048 0 1024 0 1024
7.6 0 0 0 1024 0 0
7.7 0 0 0 0 0 0
7.8 0 0 0 0 0 0
7.9 1024 1024 0 1024 0 0
8 0 2048 0 1024 0 1024
8.1 0 0 0 1024 0 0
8.2 0 0 0 0 0 1024
8.3 0 0 0 0 0 0
8.4 1024 1024 0 1024 0 0
8.5 0 1024 0 1024 0 1024
8.6 0 0 0 1024 0 0
8.7 0 0 0 0 0 1024
8.8 0 1024 0 0 0 0
8.9 1024 1024 0 1024 0 0
9 0 1024 0 1024 0 1024
9.1 0 2048 0 1024 0 1024
9.2 0 0 0 0 0 1024
9.3 0 1024 0 0 0 64
9.4 1024 1088 0 1024 0 0
9.5 1024 1024 0 1024 0 1024
9.6 0 2048 0 1024 0 1088
9.7 0 64 0 1024 0 1024
9.8 1024 1024 0 0 0 0
9.9 1024 1088 0 1024 0 0
10 1024 1024 0 1024 0 1024
10.1 4096 0 1024 0 1024 1024
10.2 0 0 1024 0 1024 1024
10.3 0 0 0 0 0 0
10.4 0 0 0 0 0 0
10.5 0 0 0 0 0 0
10.6 0 0 0 0 0 0
10.7 0 0 0 0 0 0
10.8 0 0 0 0 0 0
10.9 0 0 0 0 0 0
11 0 0 0 0 0 0
11.1 2048 0 0 0 0 0
11.2 0 0 2048 0 1024 0
11.3 0 0 0 0 0 1024
11.4 0 0 0 0 0 0
11.5 0 0 0 0 0 0
11.6 2048 0 1024 0 0 0
11.7 0 0 2048 0 1024 0
11.8 0 0 0 0 1024 1024
11.9 0 0 0 0 0 0
12 0 0 0 0 0 0
12.1 1024 0 1024 0 0 0
12.2 1024 0 2048 0 1024 0
12.3 0 0 0 0 1024 1024
12.4 0 0 0 0 64 1024
12.5 0 0 0 0 0 0
12.6 1024 0 1024 0 0 0
12.7 1024 0 2048 0 1024 0
12.8 0 0 0 0 1024 1024
12.9 0 0 0 0 64 1024
13 64 0 0 0 0 0
13.1 1024 0 1024 0 0 0
13.2 1024 0 2048 0 1024 0
13.3 0 0 2048 0 1024 0
13.4 0 0 0 0 0 1024
13.5 0 0 0 0 0 0
13.6 1024 0 1024 0 0 0
13.7 0 0 1024 0 1024 0
13.8 0 0 2048 0 1024 0
13.9 0 0 0 0 1024 1024
14 0 0 0 0 0 0
14.1 1024 0 1024 0 0 0
14.2 0 0 1024 0 1024 0
14.3 1024 0 2048 0 1024 0
14.4 0 0 0 0 1024 1024
14.5 0 0 0 0 0 0
14.6 1024 0 1024 0 0 0
14.7 0 0 1024 0 1024 1024
14.8 1024 0 2048 0 1024 0
14.9 0 0 1024 0 1024 1024
15 0 0 0 0 0 1024
15.1 1024 0 1024 0 0 0
15.2 1024 0 1024 0 1024 0
15.3 1024 0 2048 0 1024 1024
15.4 0 0 2048 0 1024 1024
15.5 0 0 0 0 1024 1088
15.6 1024 0 1088 0 0 0
15.7 1024 0 1024 0 1024 1024
15.8 1024 0 2048 0 1024 1088
15.9 0 0 2112 0 1024 1024
16 1024 0 0 0 1024 1024
16.1 1024 0 1088 0 0 0
16.2 2048 0 1024 0 1024 1024
16.3 1024 0 2048 0 1024 1024
16.4 1024 0 2112 0 1024 1024
16.5 1024 0 0 0 1024 1024
16.6 1024 0 1024 0 0 1024
16.7 1024 0 1024 0 1024 1024
16.8 1024 0 2048 0 1024 1024
16.9 1024 0 2048 0 1024 1024
17 1024 0 2048 0 1024 1024
17.1 1024 0 1024 0 0 1024
17.2 1024 0 1024 0 1024 1024
17.3 1024 0 2048 0 1024 0
17.4 1024 0 2048 0 1024 1024
17.5 1024 0 2048 0 1024 1024
17.6 1024 0 1024 0 1024 1024
17.7 1024 0 1024 0 1024 1024
17.8 1024 0 2048 0 1024 1024
17.9 1024 0 3072 0 1024 0
18 1024 0 4096 0 1024 0
18.1 0 0 5120 0 1024 0
18.2 0 0 6144 0 1024 1088
18.3 1024 0 7168 0 1024 1024
18.4 1024 0 9216 0 1024 1024
18.5 1024 0 11264 0 1024 1024
18.6 1024 0 12288 0 1088 1024
18.7 1024 0 13312 0 1024 1024
18.8 1024 0 14336 0 1024 1024
18.9 1024 0 15360 0 1024 1024
19 1024 0 15424 0 1024 1024
19.1 1024 0 16384 0 1024 1024
19.2 1024 0 17408 0 1024 1024
19.3 1024 0 18432 0 1024 1024
19.4 1024 0 19456 0 1024 0
19.5 0 0 20480 0 1024 0
19.6 0 0 21504 0 1024 1024
19.7 1024 0 22528 0 1024 1024
19.8 1024 0 24576 0 1024 1024
19.9 1024 0 25600 0 1024 1024
20 1024 0 26624 0 1088 1024
20.1 12288 4096 0 1024 0 9216
20.2 1024 5120 0 1024 0 1024
20.3 0 0 0 0 0 0
20.4 0 0 0 0 0 0
20.5 0 0 0 0 0 0
20.6 0 0 0 0 0 0
20.7 0 0 0 0 0 0
20.8 0 0 0 1024 0 0
20.9 0 0 0 0 0 0
21 0 0 0 0 0 0
21.1 0 0 0 0 0 0
21.2 1024 0 0 0 0 0
21.3 1024 2048 0 1024 0 0
21.4 0 0 0 1024 0 1024
21.5 0 0 0 0 0 1024
21.6 0 0 0 0 0 0
21.7 1024 0 0 0 0 0
21.8 1024 2048 0 1024 0 0
21.9 0 2048 0 1024 0 1024
22 0 0 0 0 0 1024
22.1 0 0 0 0 0 0
22.2 1024 0 0 0 0 0
22.3 1024 2048 0 1024 0 0
22.4 0 2048 0 1024 0 1024
22.5 0 0 0 1024 0 1024
22.6 0 0 0 0 0 0
22.7 1024 1024 0 0 0 0
22.8 1024 2048 0 1024 0 0
22.9 0 2048 0 1024 0 1024
23 0 0 0 1024 0 1024
23.1 0 0 0 0 0 1024
23.2 2048 1024 0 0 0 0
23.3 1024 2048 0 1024 0 0
23.4 1024 2048 0 1024 0 1024
23.5 0 0 0 1024 0 1024
23.6 0 0 0 0 0 1024
23.7 1024 1024 0 0 0 0
23.8 1024 2048 0 1024 0 0
23.9 1024 2048 0 1024 0 1024
24 0 2048 0 1024 0 1024
24.1 0 0 0 64 0 1024
24.2 1088 1024 0 0 0 0
24.3 1024 2048 0 1024 0 0
24.4 1088 2048 0 1024 0 1024
24.5 0 2048 0 1024 0 0
24.6 0 0 0 1024 0 1024
24.7 1088 1024 0 0 0 0
24.8 1024 1024 0 1024 0 0
24.9 1024 2048 0 1024 0 1024
25 0 2048 0 1024 0 0
25.1 0 0 0 0 1088 1024
25.2 1088 0 1024 0 0 0
25.3 1024 0 1024 0 1024 0
25.4 1088 0 2048 0 1024 1024
25.5 1024 0 2048 0 1024 0
25.6 0 0 2048 0 1024 1024
25.7 1088 0 1024 0 0 0
25.8 1024 0 1024 0 1024 0
25.9 1024 0 2048 0 1024 1024
26 1024 0 2048 0 1024 0
26.1 1024 0 2048 0 1024 1024
26.2 1024 0 1024 0 1024 0
26.3 1024 0 1024 0 1024 0
26.4 0 0 2048 0 1024 1024
26.5 1024 0 2048 0 1024 0
26.6 1024 0 2048 0 1024 1024
26.7 0 0 1024 0 1024 0
26.8 1024 0 1024 0 1024 1024
26.9 0 0 2048 0 1024 0
27 0 0 3072 0 1024 1088
27.1 1024 0 5120 0 1024 1024
27.2 1024 0 6144 0 1024 1024
27.3 1024 0 7168 0 1024 1024
27.4 1024 0 8192 0 1088 1024
27.5 1024 0 10240 0 1024 1024
27.6 1024 0 11264 0 1024 1024
27.7 1024 0 12288 0 1024 1024
27.8 1024 0 12288 0 1024 1024
27.9 1024 0 13312 0 1024 1024
28 1024 0 14336 0 1024 1024
28.1 1088 0 15360 0 1024 0
28.2 0 0 14336 0 1024 0
