0 0 0 0
5 204.8 409.6 204.8
10 0 0 0
15 204.8 409.6 409.6
20 0 0 0
25 409.6 409.6 409.6
30 204.8 204.8 204.8
35 204.8 204.8 204.8
40 0 0 0
45 409.6 409.6 409.6
50 0 0 0
55 409.6 409.6 409.6
60 0 0 0
65 409.6 409.6 409.6
70 0 0 0
75 409.6 409.6 409.6
80 0 0 0
85 409.6 409.6 409.6
90 0 0 0
95 409.6 409.6 409.6
100 0 0 0
105 5529.6 409.6 409.6
110 1433.6 204.8 0
115 0 204.8 409.6
120 0 819.2 0
125 409.6 4710.4 409.6
130 0 1228.8 1024
135 409.6 204.8 4505.6
140 0 204.8 1267.2
145 409.6 204.8 537.6
150 204.8 230.4 217.6
155 204.8 499.2 204.8
160 256 473.6 409.6
165 473.6 0 0
170 64 0 0
175 409.6 409.6 409.6
180 204.8 0 0
185 4710.4 409.6 409.6
190 1024 0 0
195 409.6 409.6 409.6
200 0 0 0
205 409.6 4915.2 409.6
210 0 1024 0
