0 1024 2048 1024
5 0 0 0
10 0 0 1024
15 0 0 0
20 1024 0 1024
25 0 0 0
30 1024 0 0
35 0 0 0
40 2048 1024 0
45 0 0 0
50 1024 2048 1024
55 0 0 0
60 0 1024 2048
65 0 0 0
70 0 1024 1024
75 0 0 0
80 1024 1024 1024
85 0 0 0
90 2048 1024 0
95 0 0 0
100 0 1024 2048
105 0 0 0
110 0 0 0
115 0 0 0
120 1024 1024 1024
125 0 0 0
130 0 1024 0
135 0 0 0
140 0 1024 1024
145 0 0 64
150 0 1024 1024
155 0 64 0
160 0 64 0
165 0 64 0
170 0 64 0
175 0 64 0
180 0 1024 1024
185 0 64 0
190 0 1088 1024
195 0 64 0
200 1024 0 0
205 0 64 0
210 0 1024 2048
215 0 0 0
220 0 64 0
225 0 0 0
230 1024 1024 1024
235 0 64 0
240 0 0 1024
245 0 64 0
250 0 0 1024
255 0 64 0
260 1024 1024 0
265 0 64 0
270 0 0 0
275 0 64 0
280 0 0 0
285 0 64 0
290 0 0 0
295 0 64 0
300 1024 1024 1024
305 0 0 0
310 0 0 0
315 0 0 0
320 0 0 1024
325 0 64 0
330 0 64 0
335 0 0 0
340 0 0 0
345 0 0 0
350 0 0 0
355 0 64 0
360 0 0 0
365 0 64 0
370 0 1088 1024
375 0 64 0
380 0 1024 1024
385 0 64 0
390 0 1024 2048
395 0 64 0
400 0 1024 1024
405 0 0 0
410 1024 0 1024
415 0 64 0
420 0 64 0
425 0 64 0
430 1024 1024 0
435 0 64 0
440 0 0 1024
445 0 64 0
450 0 0 0
455 0 64 0
460 0 0 1024
465 0 0 0
470 0 0 0
475 0 64 0
480 0 0 0
485 0 64 0
490 0 0 0
495 0 0 0
500 0 64 0
505 0 0 0
510 1024 0 0
515 0 0 0
520 0 64 0
525 0 0 0
530 0 1024 2048
535 0 64 0
540 1024 0 1024
545 0 64 64
550 1024 0 2048
555 0 128 0
560 1024 1024 1024
565 0 128 0
570 1024 64 0
575 0 128 0
580 1024 1024 0
585 0 128 0
590 1024 1024 0
595 0 128 0
600 0 0 0
605 0 128 0
610 0 1024 0
615 0 128 0
620 0 64 0
625 0 128 0
630 2048 64 0
635 0 128 0
640 1024 1024 1024
645 0 128 0
650 1024 64 0
655 0 128 0
660 1024 64 0
665 0 128 0
670 0 1024 0
675 0 128 0
680 0 128 0
685 0 128 0
690 1024 64 0
695 0 128 0
700 1024 64 0
705 0 0 0
710 0 64 0
715 0 64 0
720 1024 0 1024
725 0 128 0
730 2048 64 0
735 0 128 0
740 0 0 0
745 0 128 0
750 1024 2048 1024
755 0 64 0
760 0 1088 0
765 0 128 0
770 1024 1088 0
775 0 128 0
780 0 1088 0
785 0 128 0
790 1024 0 1024
795 0 128 0
800 1024 1024 1024
805 0 128 0
810 1024 1024 1024
815 0 128 0
820 1024 64 0
825 0 128 0
830 2048 64 0
835 0 128 0
840 1024 64 0
845 0 128 0
850 1024 0 0
855 0 128 0
860 1024 2048 0
865 0 128 0
870 0 1024 0
875 0 128 0
880 1024 64 2048
885 0 128 0
890 1024 64 0
895 0 128 0
900 1024 64 0
905 0 128 0
910 1024 1024 1024
915 0 0 0
920 1024 1088 1024
925 0 1088 0
930 1024 0 0
935 0 128 0
940 0 0 0
945 0 0 0
950 1024 1024 1024
955 0 128 0
960 0 0 0
965 0 128 0
970 1024 64 0
975 0 128 0
980 0 0 0
985 0 64 0
990 1024 64 0
