0 1 1 1
0.05 1 1 1
0.1 1 1 1
0.15 1 1 1
0.2 1 1 1
0.25 1 1 1
0.3 1 1 1
0.35 1 1 1
0.4 1 1 1
0.45 1 1 1
0.5 1 1 1
0.55 1 1 1
0.6 1 1 1
0.65 2 1 1
0.7 2 1 1
0.75 5 1 1
0.8 5 1 1
0.85 11 1 1
0.9 11 1 1
0.95 23 1 1
1 23 1 1
1.05 47 1 1
1.1 47 1 1
1.15 79 1 1
1.2 95 1 1
1.25 122 1 1
1.3 183 1 1
1.35 213 1 1
1.4 274 1 1
1.45 335 1 1
1.5 396 1 1
1.55 457 1 1
1.6 518 1 1
1.65 579 1 1
1.7 640 1 1
1.75 701 1 1
1.8 762 1 1
1.85 823 1 1
1.9 884 1 1
1.95 945 1 1
2 1006 1 1
2.05 1067 1 1
2.1 1128 1 1
2.15 1189 1 1
2.2 1250 1 1
2.25 1312 1 1
2.3 1 1 1
2.35 1 1 1
2.4 1 1 1
2.45 1 1 1
2.5 1 1 1
2.55 2 1 1
2.6 2 1 1
2.65 3 1 1
2.7 4 1 1
2.75 4 1 1
2.8 8 1 1
2.85 8 1 1
2.9 16 1 1
2.95 16 1 1
3 32 1 1
3.05 32 1 1
3.1 64 1 1
3.15 64 1 1
3.2 101 1 1
3.25 128 1 1
3.3 160 1 1
3.35 221 1 1
3.4 282 1 1
3.45 343 1 1
3.5 404 1 1
3.55 465 1 1
3.6 526 1 1
3.65 587 1 1
3.7 648 1 1
3.75 379 1 1
3.8 440 1 1
3.85 501 1 1
3.9 562 1 1
3.95 623 1 1
4 685 1 1
4.05 330.003 1 1
4.1 330.061 1 1
4.15 1 1 1
4.2 1 1 1
4.25 2 1 1
4.3 2 1 1
4.35 4 1 1
4.4 4 1 1
4.45 8 1 1
4.5 8 1 1
4.55 16 1 1
4.6 16 1 1
4.65 32 1 1
4.7 32 1 1
4.75 43 1 1
4.8 64 1 1
4.85 70 1 1
4.9 128 1 1
4.95 129 1 1
5 166.145 1 1
5.05 166.511 1 1
5.1 166.859 1 1
5.15 167.218 1 1
5.2 167.583 1 1
5.25 167.946 1 1
5.3 168.309 1 1
5.35 168.671 1 1
5.4 169.033 1 1
5.45 169.393 1 1
5.5 169.753 1 1
5.55 170.112 1 1
5.6 170.47 1 1
5.65 170.827 1 1
5.7 171.184 1 1
5.75 171.54 1 1
5.8 171.895 1 1
5.85 172.256 1 1
5.9 172.609 1 1
5.95 172.963 1 1
6 173.315 1 1
6.05 173.666 1 1
6.1 174.017 1 1
6.15 174.368 1 1
6.2 174.717 1 1
6.25 175.066 1 1
6.3 175.414 1 1
6.35 175.761 1 1
6.4 176.108 1 1
6.45 176.454 1 1
6.5 176.799 1 1
6.55 177.144 1 1
6.6 177.488 1 1
6.65 177.832 1 1
6.7 178.174 1 1
6.75 178.516 1 1
6.8 178.858 1 1
6.85 179.198 1 1
6.9 179.539 1 1
6.95 179.878 1 1
7 180.217 1 1
7.05 180.555 1 1
7.1 180.892 1 1
7.15 181.229 1 1
7.2 181.566 1 1
7.25 181.907 1 1
7.3 182.242 1 1
7.35 182.576 1 1
7.4 182.91 1 1
7.45 183.243 1 1
7.5 183.576 1 1
7.55 183.908 1 1
7.6 184.239 1 1
7.65 184.57 1 1
7.7 184.9 1 1
7.75 185.23 1 1
7.8 185.559 1 1
7.85 185.887 1 1
7.9 186.215 1 1
7.95 186.543 1 1
8 186.869 1 1
8.05 187.195 1 1
8.1 187.521 1 1
8.15 187.846 1 1
8.2 188.17 1 1
8.25 188.494 1 1
8.3 188.818 1 1
8.35 189.141 1 1
8.4 189.463 1 1
8.45 189.784 1 1
8.5 190.106 1 1
8.55 190.426 1 1
8.6 190.746 1 1
8.65 191.071 1 1
8.7 191.39 1 1
8.75 191.708 1 1
8.8 192.026 1 1
8.85 192.344 1 1
8.9 192.661 1 1
8.95 192.977 1 1
9 193.293 1 1
9.05 193.608 1 1
9.1 193.923 1 1
9.15 194.237 1 1
9.2 194.551 1 1
9.25 194.864 1 1
9.3 195.177 1 1
9.35 195.49 1 1
9.4 195.801 1 1
9.45 196.113 1 1
9.5 196.423 1 1
9.55 196.734 1 1
9.6 197.044 1 1
9.65 197.353 1 1
9.7 197.662 1 1
9.75 197.97 1 1
9.8 198.278 1 1
9.85 198.585 1 1
9.9 198.892 1 1
9.95 199.199 1 1
10 199.505 1 1
10.05 199.81 1 1
10.1 200.11 1 1
10.15 200.415 2 1
10.2 200.709 2 1
10.25 201.013 4 1
10.3 201.301 5 1
10.35 201.604 5 1
10.4 201.906 11 1
10.45 202.179 11 1
10.5 202.48 11 1
10.55 202.761 23 1
10.6 203.023 23 1
10.65 203.323 31 1
10.7 203.564 47 1
10.75 203.804 47 1
10.8 204.103 57 1
10.85 204.324 70 1
10.9 204.588 70 1
10.95 204.886 83 1
11 205.096 93 1
11.05 205.368 93 1
11.1 205.665 109 1
11.15 205.865 116 1
11.2 133 116 1
11.25 194 134 1
11.3 232 139 1
11.35 293 169 1
11.4 103.01 185 1
11.45 103.542 212 1
11.5 103.822 1 1
11.55 104.034 1 1
11.6 104.034 1 1
11.65 104.034 2 1
11.7 104.034 4 1
11.75 104.034 8 1
11.8 104.034 16 1
11.85 104.034 16 1
11.9 104.034 32 1
11.95 104.034 64 1
12 104.034 91 1
12.05 104.034 117.196 1
12.1 104.034 117.716 1
12.15 1 118.233 1
12.2 1 118.739 1
12.25 2 119.252 1
12.3 2 119.762 1
12.35 2 120.262 1
12.4 4 120.769 1
12.45 4 121.273 1
12.5 4 121.742 1
12.55 8 122.242 1
12.6 8 122.74 1
12.65 8 123.171 1
12.7 16 123.665 1
12.75 16 124.157 1
12.8 16 124.519 1
12.85 32 125.008 1
12.9 32 125.495 1
12.95 32 125.774 1
13 53.1884 126.21 1
13.05 53.2072 126.693 1
13.1 53.2072 126.945 1
13.15 53.8425 127.228 1
13.2 54.2128 127.707 1
13.25 54.2128 128.059 1
13.3 54.5988 128.34 1
13.35 55.0367 128.705 1
13.4 55.2181 129.163 1
13.45 55.3448 129.426 1
13.5 55.7947 129.75 1
13.55 56.1165 130.158 1
13.6 56.2233 130.511 1
13.65 56.5603 130.817 1
13.7 56.9128 131.168 1
13.75 57.1583 131.595 1
13.8 57.2981 131.883 1
13.85 57.6982 132.209 1
13.9 57.9749 132.579 1
13.95 58.1816 132.933 1
14 58.4559 133.241 1
14.05 58.7801 133.586 1
14.1 59.0517 133.945 1
14.15 59.2378 134.273 1
14.2 59.5409 134.592 1
14.25 59.8258 134.926 1
14.3 60.0926 135.297 1
14.35 60.2754 135.607 1
14.4 60.6064 135.931 1
14.45 60.8698 136.269 1
14.5 61.0994 136.62 1
14.55 61.3445 136.928 1
14.6 61.6373 137.256 1
14.65 61.8802 137.591 1
14.7 62.1382 137.924 1
14.75 62.3952 138.243 1
14.8 62.6671 138.568 1
14.85 62.8902 138.893 1
14.9 63.1599 139.216 1
14.95 63.4285 139.532 1
15 63.6646 139.861 1
15.05 63.9155 140.183 1
15.1 64.1809 140.496 1
15.15 64.4298 140.809 1
15.2 64.6777 141.128 1
15.25 64.9092 141.433 1
15.3 65.1706 141.75 1
15.35 65.431 142.061 1
15.4 65.6598 142.384 1
15.45 65.9031 142.686 1
15.5 66.1757 143.001 1
15.55 66.4321 143.315 1
15.6 66.6576 143.629 1
15.65 66.8972 143.928 1
15.7 67.1657 144.24 1
15.75 67.4036 144.552 1
15.8 67.6553 144.863 1
15.85 67.8914 77.5 1
15.9 68.1561 122.5 1
15.95 68.3905 167.5 1
16 68.6386 211.5 1
16.05 68.8568 72.7066 1
16.1 69.3921 73.323 1
16.15 69.6367 73.5545 1
16.2 70.3511 73.5545 1
16.25 70.6066 73.5545 1
16.3 71.2692 73.5545 1
16.35 71.5772 73.5545 1
16.4 72.1894 73.5545 1
16.45 72.5487 73.5545 1
16.5 73.1117 73.5545 1
16.55 73.5345 73.5545 1
16.6 74.036 73.5545 1
16.65 74.5073 73.5545 1
16.7 74.9623 1 1
16.75 75.5073 2 1
16.8 75.9036 4 1
16.85 76.4942 4 1
16.9 76.8334 8 1
16.95 77.4686 16 1
17 77.7649 25 1
17.05 78.3032 33 1
17.1 78.66 37.7229 1
17.15 79.1417 38.2758 1
17.2 79.5701 39.0519 1
17.25 79.9963 39.6872 1
17.3 80.4576 40.3124 1
17.35 80.8667 40.9768 1
17.4 81.2861 41.6788 1
17.45 81.7156 42.2745 1
17.5 82.1428 42.8853 1
17.55 82.5315 43.5564 1
17.6 82.9424 44.1721 1
17.65 83.3514 44.757 1
17.7 83.7822 45.3343 1
17.75 84.1752 45.948 1
17.8 84.5427 46.575 1
17.85 84.9439 47.1725 1
17.9 85.3433 47.7415 1
17.95 85.7641 48.2832 1
18 86.148 48.8393 1
18.05 86.5187 49.4094 1
18.1 86.8878 50.013 1
18.15 87.2668 50.5897 1
18.2 87.6442 51.1402 1
18.25 88.0199 51.6656 1
18.3 88.4167 52.2048 1
18.35 88.7892 52.7196 1
18.4 89.1825 53.2481 1
18.45 89.5295 53.7529 1
18.5 89.8862 54.2714 1
18.55 90.2526 54.8215 1
18.6 90.6065 55.348 1
18.65 90.948 55.8696 1
18.7 91.3211 56.3864 1
18.75 91.66 56.8984 1
18.8 92.0302 57.3885 1
18.85 92.3664 57.8917 1
18.9 92.7338 58.3734 1
18.95 93.0675 58.8682 1
19 93.4322 59.3588 1
19.05 93.7634 59.8288 1
19.1 94.1147 60.3282 1
19.15 94.4541 60.7906 1
19.2 94.7923 61.2659 1
19.25 95.1398 61.7212 1
19.3 95.4651 62.2055 1
19.35 95.7997 62.654 1
19.4 96.1436 63.1152 1
19.45 96.4655 63.5731 1
19.5 96.807 64.0277 1
19.55 97.137 64.4946 1
19.6 97.4659 64.912 1
19.65 97.7937 65.3572 1
19.7 98.1204 65.8299 1
19.75 98.446 66.269 1
19.8 98.7706 66.6902 1
19.85 99.094 67.1386 1
19.9 99.4064 67.584 1
19.95 99.7278 68.0265 1
20 100.048 68.4516 1
20.05 100.368 68.874 1
20.1 100.676 69.2938 2
20.15 100.983 69.6824 5
20.2 101.28 70.1116 11
20.25 101.586 70.5241 11
20.3 101.91 70.9482 23
20.35 102.175 71.3699 47
20.4 102.507 71.789 68
20.45 102.692 72.1919 97
20.5 102.994 72.6063 140
20.55 103.168 73.0731 185
20.6 103.381 73.4826 223
20.65 103.545 74.0114 268
20.7 103.681 74.5097 316
20.75 58.5 75.0847 367
20.8 65.5 75.6817 423
20.85 72.5 76.4181 480
20.9 74.5 77.2123 539
20.95 77.5 77.9984 596
21 51.5194 78.7766 657
21.05 51.5194 79.5473 718
21.1 51.5194 80.3105 779
21.15 51.5194 81.0665 1
21.2 51.5194 81.8156 1
21.25 51.5194 82.5579 1
21.3 51.5194 83.2935 1
21.35 51.5194 84.0227 1
21.4 51.5194 84.7457 1
21.45 1 85.4742 1
21.5 1 86.1733 1
21.55 2 86.8784 1
21.6 2 87.5777 1
21.65 3 88.2489 1
21.7 4 88.9375 1
21.75 4 89.5761 1
21.8 8 90.2546 1
21.85 8 90.84 1
21.9 16 91.509 1
21.95 16 92.1733 1
22 19 92.6602 1
22.05 26.2299 93.3163 1
22.1 26.2299 93.7866 1
22.15 27.0562 94.3289 1
22.2 27.2405 94.9313 1
22.25 27.4965 95.3622 1
22.3 28.2149 95.9581 1
22.35 28.2504 96.4674 1
22.4 28.742 96.9328 1
22.45 29.2595 97.5498 1
22.5 29.3278 98.0101 1
22.55 29.8687 98.4885 2
22.6 30.268 99.0555 2
22.65 30.4985 99.5288 2.9
22.7 30.9544 100.02 3.83446
22.75 31.2759 100.548 4.78871
22.8 31.6259 101.025 5.75491
22.85 32.0657 101.519 5.75491
22.9 32.2834 102.02 6.72885
22.95 32.7144 102.479 7.70809
23 33.1095 102.995 8.69112
23.05 33.3204 103.47 9.14257
23.1 33.7381 103.914 9.67696
23.15 34.1214 104.432 10.665
23.2 34.3552 104.881 11.6546
23.25 34.7605 105.328 12.6456
23.3 35.1326 105.83 12.8814
23.35 35.388 106.283 13.6377
23.4 35.7536 106.724 14.6307
23.45 36.1432 107.21 15.6245
23.5 36.3914 107.666 16.6189
23.55 36.7743 108.093 16.7987
23.6 37.1262 108.573 17.6138
23.65 37.3947 109.023 18.6091
23.7 37.7409 109.454 19.6049
23.75 38.1101 109.9 20.3073
23.8 38.3456 110.354 20.7945
23.85 38.6574 110.789 21.5974
23.9 39.018 111.212 22.5941
23.95 39.3245 111.661 23.591
24 39.6285 112.09 24.2191
24.05 39.9553 112.508 24.7505
24.1 40.2795 112.943 25.5855
24.15 40.5764 113.376 26.583
24.2 40.8956 113.79 27.508
24.25 41.2609 114.211 28.1196
24.3 41.5508 114.63 28.7182
24.35 41.8387 115.048 29.5764
24.4 42.1721 115.482 30.5744
24.45 42.4793 115.897 31.4456
24.5 42.7609 116.302 32.0132
24.55 43.1336 116.714 32.6935
24.6 43.3649 117.133 33.5692
24.65 43.6637 117.542 34.5676
24.7 43.9605 117.924 35.1985
24.75 44.3231 118.339 35.8463
24.8 44.5706 118.744 36.7012
24.85 44.8837 119.131 37.5633
24.9 45.2167 119.542 38.4321
24.95 45.4814 119.942 39.103
25 45.8101 120.317 39.8128
25.05 46.0931 120.724 40.6827
25.1 46.3743 121.121 41.5584
25.15 46.6324 121.492 42.2743
25.2 46.9318 121.87 43.0481
25.25 47.2504 122.263 43.7853
25.3 47.5458 122.638 44.6674
25.35 47.8185 123.021 45.5323
25.4 48.1312 123.419 46.2516
25.45 48.4006 123.799 46.9598
25.5 48.6685 124.178 47.7624
25.55 48.9554 124.548 48.6545
25.6 49.2609 124.925 49.4093
25.65 49.5444 125.301 50.1726
25.7 49.8262 125.667 50.9245
25.75 50.1264 126.056 51.7429
25.8 50.405 126.429 52.5484
25.85 50.6425 126.8 53.3231
25.9 50.9576 127.154 54.0867
25.95 51.2316 127.531 54.8943
26 51.5236 127.899 55.7081
26.05 51.7754 128.251 56.4572
26.1 52.1027 128.609 57.2488
26.15 52.3517 128.982 58.0296
26.2 52.5995 129.345 58.8341
26.25 52.8839 129.693 59.5942
26.3 53.1857 130.063 60.3612
26.35 53.4296 130.423 61.1514
26.4 53.691 130.776 61.8991
26.45 53.9512 131.119 62.638
26.5 54.247 131.477 63.3997
26.55 54.5045 131.834 64.1369
26.6 54.7608 132.175 64.8502
26.65 55.0341 132.53 65.5558
26.7 55.2879 132.884 66.2689
26.75 55.5586 133.23 66.9745
26.8 55.8101 133.575 67.6727
26.85 56.0604 133.926 68.3491
26.9 56.3096 134.277 69.0334
26.95 56.5577 134.619 69.711
27 56.8048 134.96 70.382
27.05 57.0683 135.316 71.0327
27.1 57.3131 135.655 71.6913
27.15 57.5743 136.001 72.344
27.2 57.8169 136.339 72.9909
27.25 58.0586 136.691 73.6184
27.3 58.2993 137.034 74.2542
27.35 58.5561 137.369 74.8845
27.4 58.7947 137.704 75.5096
27.45 59.0324 138.045 76.1296
27.5 59.286 138.385 76.7445
27.55 59.5049 138.724 77.3416
27.6 59.7397 139.048 77.947
27.65 59.9736 139.386 78.5477
27.7 60.2233 139.722 79.1438
27.75 60.4553 140.058 79.7355
27.8 60.67 140.401 80.3353
27.85 60.9168 140.721 80.9059
27.9 61.1462 141.061 81.4848
27.95 61.3747 141.394 82.0596
28 61.6025 141.719 82.6425
28.05 61.8293 142.043 83.1973
28.1 62.0715 142.381 83.7604
28.15 62.2967 142.704 84.3197
28.2 62.505 143.033 84.8753
28.25 62.7286 143.354 85.4273
28.3 62.9514 143.681 85.9641
28.35 63.1893 144.015 86.5207
28.4 63.4105 144.334 87.0623
28.45 63.6152 144.666 87.6005
28.5 63.8506 144.977 88.1354
28.55 64.0695 145.308 88.6559
28.6 64.2877 145.638 89.1957
28.65 64.5051 145.953 89.7211
28.7 64.7218 146.268 90.2434
28.75 64.9224 146.596 90.7518
28.8 65.1684 146.916 91.2682
28.85 65.3676 147.229 91.7818
28.9 65.5814 147.555 92.3033
28.95 65.7946 147.859 92.8111
29 65.9919 148.184 93.3055
29.05 66.2188 148.5 93.8185
29.1 66.43 148.817 94.3182
29.15 66.6404 149.139 94.8152
29.2 66.8352 149.44 95.3202
29.25 67.0593 149.761 95.8016
29.3 67.2678 150.075 96.3013
29.35 67.4756 150.388 96.7882
29.4 67.668 1e-08 97.2726
29.45 67.8746 1e-08 97.7546
29.5 68.2273 1e-08 98.061
29.55 68.5928 1e-08 98.4986
29.6 68.7966 1e-08 98.9544
29.65 69.1446 1e-08 99.2974
29.7 69.5197 1e-08 99.7095
29.75 69.7208 1e-08 100.15
29.8 70.0499 1e-08 100.499
29.85 70.3917 1e-08 100.886
29.9 70.6329 1e-08 101.341
29.95 70.9296 1e-08 101.696
30 71.2952 1e-08 102.088
30.05 71.5473 1e-08 102.499
30.1 71.7427 1e-08 102.879
30.15 71.9376 1e-08 103.18
30.2 40 1e-08 82.5
30.25 55 1e-08 44.0454
30.3 28.5701 1e-08 41.5
30.35 58.5 1e-08 47.5
30.4 61.5 1e-08 32.5308
30.45 24.9051 1e-08 32.5308
30.5 25.0254 1e-08 32.5308
30.55 25.0254 1e-08 32.5308
30.6 25.0254 1e-08 1
30.65 25.0254 1e-08 2
30.7 25.0254 1e-08 2
30.75 25.0254 1e-08 4
30.8 25.0254 1e-08 8
30.85 25.0254 1e-08 16
30.9 25.0254 1e-08 17.2921
30.95 25.0254 1e-08 17.862
31 1 1e-08 18.8442
31.05 1 1e-08 19.8281
31.1 2 1e-08 20.8135
31.15 2 1e-08 21.1475
31.2 4 1e-08 21.8002
31.25 4 1e-08 22.788
31.3 8 1e-08 23.7768
31.35 8 1e-08 24.6449
31.4 13.2294 1e-08 25.0477
31.45 13.2294 1e-08 25.7569
31.5 14.251 1e-08 26.748
31.55 14.251 1e-08 27.7397
31.6 15.2696 1e-08 28.2756
31.65 15.2696 1e-08 28.8709
31.7 15.8492 1e-08 29.7247
31.75 16.2858 1e-08 30.7179
31.8 16.7108 1e-08 31.4263
31.85 17.2999 1e-08 32.2124
31.9 17.6439 1e-08 32.7972
31.95 18.3124 1e-08 33.6999
32 18.4757 1e-08 34.6946
32.05 19.3235 1e-08 35.4081
32.1 19.3752 1e-08 36.1075
32.15 20.3334 1e-08 36.7665
32.2 20.3334 1e-08 37.6802
32.25 21.3424 1e-08 38.5723
32.3 21.3424 1e-08 39.2408
32.35 22.3505 1e-08 39.9231
32.4 22.3505 1e-08 40.7416
32.45 23.0124 1e-08 41.6641
32.5 23.3578 1e-08 42.3546
32.55 23.8665 1e-08 43.0805
32.6 24.3645 1e-08 43.8628
32.65 24.7719 1e-08 44.721
32.7 25.3706 1e-08 45.563
32.75 25.6843 1e-08 46.2818
32.8 26.3763 1e-08 47.0534
32.85 26.6405 1e-08 47.8334
32.9 27.3815 1e-08 48.6626
32.95 27.5636 1e-08 49.4375
33 28.351 1e-08 50.2004
33.05 28.527 1e-08 50.9519
33.1 29.1515 1e-08 51.7698
33.15 29.4927 1e-08 52.5369
33.2 30.0639 1e-08 53.293
33.25 30.4607 1e-08 54.094
33.3 30.9495 1e-08 54.865
33.35 31.4306 1e-08 55.6793
33.4 31.8732 1e-08 56.411
33.45 32.4024 1e-08 57.2382
33.5 32.8013 1e-08 57.9502
33.55 33.3758 1e-08 58.7217
33.6 33.7632 1e-08 59.5
33.65 34.2633 1e-08 60.2351
33.7 34.6985 1e-08 60.9777
33.75 35.1852 1e-08 61.6789
33.8 35.581 1e-08 62.4364
33.85 36.0835 1e-08 63.1373
33.9 36.497 1e-08 63.8461
33.95 36.933 1e-08 64.5317
34 37.4174 1e-08 65.256
34.05 37.8163 1e-08 65.9269
34.1 38.2633 1e-08 66.6061
34.15 38.6793 1e-08 67.2784
34.2 39.1165 1e-08 67.9145
34.25 39.4983 1e-08 68.574
34.3 39.9515 1e-08 69.2128
34.35 40.3749 1e-08 69.86
34.4 40.7694 1e-08 70.487
34.45 41.2087 1e-08 71.0945
34.5 41.5952 1e-08 71.7248
34.55 42.0021 1e-08 72.3357
34.6 42.4286 1e-08 72.9415
34.65 42.8041 1e-08 73.5423
34.7 43.2227 1e-08 74.1247
34.75 43.5914 1e-08 74.7294
34.8 44.0025 1e-08 75.3027
34.85 44.4098 1e-08 75.8979
34.9 44.7687 1e-08 76.4624
34.95 45.1912 1e-08 77.0228
35 45.544 1e-08 77.5791
35.05 45.9158 1e-08 78.1315
35.1 46.3063 1e-08 78.6799
35.15 46.6506 1e-08 79.2246
35.2 47.0775 1e-08 79.753
35.25 47.4373 1e-08 80.3153
35.3 47.7944 1e-08 80.849
35.35 48.1904 1e-08 81.3792
35.4 48.5213 1e-08 81.9181
35.45 48.891 1e-08 82.4171
35.5 49.2781 1e-08 82.9614
35.55 49.6018 1e-08 83.4781
35.6 49.9835 1e-08 83.9797
35.65 50.3424 1e-08 84.5021
35.7 50.6987 1e-08 85.0095
35.75 51.0722 1e-08 85.5021
35.8 51.4235 1e-08 86.0152
35.85 51.7724 1e-08 86.5253
35.9 52.1382 1e-08 87.0094
35.95 52.4823 1e-08 87.5022
36 52.8243 1e-08 87.9923
36.05 53.1828 1e-08 88.4684
36.1 53.5016 1e-08 88.9531
36.15 53.8556 1e-08 89.4352
36.2 54.2073 1e-08 89.9037
36.25 54.52 1e-08 90.3807
36.3 54.8675 1e-08 90.8442
36.35 55.2309 1e-08 91.3164
36.4 55.5379 1e-08 91.7861
36.45 55.8611 1e-08 92.2317
36.5 56.218 1e-08 92.6968
36.55 56.5373 1e-08 93.1596
36.6 56.8549 1e-08 93.5986
36.65 57.2231 1e-08 94.057
36.7 57.5195 1e-08 94.513
36.75 57.8489 1e-08 94.9459
36.8 58.1765 1e-08 95.3872
36.85 58.5022 1e-08 95.837
36.9 58.8091 1e-08 96.2743
36.95 59.1313 1e-08 96.6992
37 59.4518 1e-08 97.1532
37.05 59.7706 1e-08 97.5846
37.1 60.1043 1e-08 97.9936
37.15 60.3866 1e-08 98.4315
37.2 60.7169 1e-08 98.8573
37.25 61.0618 1e-08 99.2812
37.3 61.3397 1e-08 99.6934
37.35 61.6487 1e-08 100.124
37.4 61.9561 1e-08 100.532
37.45 62.2782 1e-08 100.959
37.5 62.5665 1e-08 101.374
37.55 62.8854 1e-08 101.768
37.6 63.1869 1e-08 102.19
37.65 63.5027 1e-08 102.6
37.7 63.8169 1e-08 102.999
37.75 64.1139 1e-08 103.396
37.8 64.4096 1e-08 103.802
37.85 64.704 1e-08 104.206
37.9 65.0278 1e-08 104.598
37.95 65.3193 1e-08 104.999
38 65.5944 1e-08 105.398
38.05 65.8986 1e-08 105.768
38.1 66.2014 1e-08 106.174
38.15 66.5029 1e-08 106.568
38.2 66.803 1e-08 106.953
38.25 67.1017 1e-08 107.345
38.3 67.3695 1e-08 107.726
38.35 67.6657 1e-08 108.106
38.4 67.946 1e-08 108.484
38.45 68.2397 1e-08 108.88
38.5 68.5322 1e-08 109.265
38.55 68.8235 1e-08 109.64
38.6 69.1135 1e-08 110.013
38.65 69.3879 1e-08 110.385
38.7 69.6612 1e-08 110.747
38.75 69.9477 1e-08 111.117
38.8 70.2331 1e-08 111.494
38.85 70.5315 1e-08 111.87
38.9 70.8145 1e-08 112.236
38.95 71.1105 1e-08 112.592
39 71.3632 1e-08 112.964
39.05 71.6429 1e-08 113.335
39.1 71.9216 1e-08 113.679
39.15 72.213 1e-08 114.039
39.2 72.4618 1e-08 114.407
39.25 72.7374 1e-08 114.756
39.3 73.0392 1e-08 115.113
39.35 73.3126 1e-08 115.477
39.4 73.5849 1e-08 115.831
39.45 73.8562 1e-08 116.185
39.5 74.14 1e-08 116.529
39.55 74.3959 1e-08 116.889
39.6 74.6508 1e-08 117.239
39.65 74.9317 1e-08 117.571
39.7 75.2114 1e-08 117.919
39.75 75.4636 1e-08 118.266
39.8 75.7282 1e-08 118.613
39.85 76.005 1e-08 118.949
39.9 76.2678 1e-08 119.302
39.95 76.5296 1e-08 119.645
40 76.8165 1e-08 119.979
40.05 77.0505 1e-08 120.32
40.1 77.2191 1e-08 120.661
40.15 77.3872 1e-08 120.975
40.2 77.5035 1e-08 96
40.25 54.5 1e-08 60.05
40.3 43 1e-08 54.0555
40.35 39 1e-08 46.5
40.4 57 1e-08 49.5
40.45 31.0323 1e-08 43.523
40.5 31.0323 1e-08 43.523
40.55 31.0323 1e-08 43.523
40.6 31.0323 1e-08 1
40.65 31.0323 1e-08 2
40.7 31.0323 1e-08 4
40.75 31.0323 1e-08 4
40.8 31.0323 1e-08 8
40.85 31.0323 1e-08 16
40.9 31.0323 1e-08 22.4504
40.95 1 1e-08 22.7163
41 1 1e-08 23.4534
41.05 2 1e-08 24.4562
41.1 2 1e-08 25.4587
41.15 4 1e-08 26.2712
41.2 4 1e-08 26.6869
41.25 8 1e-08 27.4631
41.3 8 1e-08 28.465
41.35 14 1e-08 29.4668
41.4 16 1e-08 29.9384
41.45 16.3714 1e-08 30.5995
41.5 16.9723 1e-08 31.47
41.55 16.9723 1e-08 32.4714
41.6 17.9476 1e-08 33.2628
41.65 17.9476 1e-08 33.8294
41.7 18.9253 1e-08 34.5898
41.75 18.9253 1e-08 35.475
41.8 19.9052 1e-08 36.4761
41.85 19.9052 1e-08 37.0745
41.9 20.887 1e-08 37.8225
41.95 20.887 1e-08 38.5819
42 21.6865 1e-08 39.4789
42.05 21.8704 1e-08 40.2816
42.1 22.5908 1e-08 41.0685
42.15 22.8551 1e-08 41.7689
42.2 23.4602 1e-08 42.5988
42.25 23.8411 1e-08 43.4359
42.3 24.3397 1e-08 44.1667
42.35 24.8282 1e-08 44.9301
42.4 25.1486 1e-08 45.7245
42.45 25.8163 1e-08 46.5054
42.5 26.0094 1e-08 47.2733
42.55 26.8052 1e-08 48.1122
42.6 26.9169 1e-08 48.8139
42.65 27.7948 1e-08 49.6267
42.7 27.8667 1e-08 50.3868
42.75 28.6109 1e-08 51.2137
42.8 28.7852 1e-08 51.912
42.85 29.4722 1e-08 52.6961
42.9 29.7762 1e-08 53.506
42.95 30.4079 1e-08 54.2485
43 30.7678 1e-08 55.0538
43.05 31.2837 1e-08 55.8116
43.1 31.7598 1e-08 56.5769
43.15 32.2289 1e-08 57.332
43.2 32.7524 1e-08 58.1461
43.25 33.1773 1e-08 58.8471
43.3 33.6563 1e-08 59.6573
43.35 34.0699 1e-08 60.3408
43.4 34.5365 1e-08 61.0985
43.45 34.9397 1e-08 61.8307
43.5 35.4231 1e-08 62.5703
43.55 35.8442 1e-08 63.2855
43.6 36.3706 1e-08 64.0083
43.65 36.7537 1e-08 64.7076
43.7 37.2404 1e-08 65.3689
43.75 37.6412 1e-08 66.0689
43.8 38.0903 1e-08 66.7316
43.85 38.4822 1e-08 67.4027
43.9 38.9216 1e-08 68.0524
43.95 39.3815 1e-08 68.7251
44 39.7607 1e-08 69.3624
44.05 40.1861 1e-08 69.9797
44.1 40.5824 1e-08 70.634
44.15 41.0481 1e-08 71.2403
44.2 41.4361 1e-08 71.8692
44.25 41.8206 1e-08 72.4651
44.3 42.2489 1e-08 73.0698
44.35 42.6261 1e-08 73.6832
44.4 43.0696 1e-08 74.2645
44.45 43.4396 1e-08 74.8681
44.5 43.8065 1e-08 75.4403
44.55 44.2156 1e-08 76.0082
44.6 44.5985 1e-08 76.598
44.65 45.0004 1e-08 77.1573
44.7 45.3987 1e-08 77.7384
44.75 45.7717 1e-08 78.2897
44.8 46.1634 1e-08 78.837
44.85 46.5088 1e-08 79.3932
44.9 46.873 1e-08 79.908
44.95 47.2555 1e-08 80.4692
45 47.614 1e-08 81.0142
45.05 48.0115 1e-08 81.531
45.1 48.4057 1e-08 82.0568
45.15 48.7351 1e-08 82.5913
45.2 49.1235 1e-08 83.0983
45.25 49.4685 1e-08 83.6381
45.3 49.811 1e-08 84.1507
45.35 50.1911 1e-08 84.6484
45.4 50.5287 1e-08 85.1666
45.45 50.8641 1e-08 85.6467
45.5 51.2559 1e-08 86.159
45.55 51.5672 1e-08 86.6451
45.6 51.9344 1e-08 87.1285
45.65 52.2799 1e-08 87.6207
45.7 52.6041 1e-08 88.1214
45.75 52.9641 1e-08 88.5855
45.8 53.3217 1e-08 89.0809
45.85 53.6396 1e-08 89.5623
45.9 53.9928 1e-08 90.03
45.95 54.3436 1e-08 90.5064
46 54.6738 1e-08 90.9693
46.05 55.0203 1e-08 91.4408
46.1 55.3466 1e-08 91.899
46.15 55.6709 1e-08 92.3658
46.2 56.029 1e-08 92.8194
46.25 56.3494 1e-08 93.2815
46.3 56.668 1e-08 93.7307
46.35 57.0024 1e-08 94.1884
46.4 57.3348 1e-08 94.6333
46.45 57.6479 1e-08 95.0866
46.5 57.9766 1e-08 95.5273
46.55 58.3035 1e-08 95.9764
46.6 58.6285 1e-08 96.4131
46.65 58.9517 1e-08 96.8477
46.7 59.2901 1e-08 97.2907
46.75 59.5761 1e-08 97.7215
46.8 59.9109 1e-08 98.1402
46.85 60.2273 1e-08 98.5774
46.9 60.542 1e-08 99.0025
46.95 60.855 1e-08 99.4259
47 61.1665 1e-08 99.8374
47.05 61.4601 1e-08 100.267
47.1 61.7847 1e-08 100.675
47.15 62.1076 1e-08 101.092
47.2 62.3968 1e-08 101.506
47.25 62.7006 1e-08 101.919
47.3 63.0347 1e-08 102.321
47.35 63.3196 1e-08 102.74
47.4 63.619 1e-08 103.138
47.45 63.917 1e-08 103.526
47.5 64.2292 1e-08 103.94
47.55 64.5399 1e-08 104.353
47.6 64.8336 1e-08 104.745
47.65 65.1414 1e-08 105.136
47.7 65.4172 1e-08 105.535
47.75 65.707 1e-08 105.922
47.8 66.041 1e-08 106.309
47.85 66.3131 1e-08 106.713
47.9 66.599 1e-08 107.105
47.95 66.8837 1e-08 107.469
48 67.197 1e-08 107.868
48.05 67.4644 1e-08 108.257
48.1 67.775 1e-08 108.644
48.15 68.0841 1e-08 109.021
48.2 68.348 1e-08 109.406
48.25 68.6255 1e-08 109.771
48.3 68.9163 1e-08 110.135
48.35 69.206 1e-08 110.515
48.4 69.48 1e-08 110.895
48.45 69.7816 1e-08 111.264
48.5 70.0819 1e-08 111.632
48.55 70.3526 1e-08 112.016
48.6 70.6221 1e-08 112.382
48.65 70.9048 1e-08 112.737
48.7 71.1863 1e-08 113.091
48.75 71.4388 1e-08 113.462
48.8 71.7321 1e-08 113.823
48.85 72.0243 1e-08 114.174
48.9 72.3015 1e-08 114.55
48.95 72.5914 1e-08 114.907
49 72.8527 1e-08 115.263
49.05 73.1404 1e-08 115.619
49.1 73.3998 1e-08 115.973
49.15 73.6582 1e-08 116.334
49.2 73.9292 1e-08 116.669
49.25 74.2128 1e-08 117.02
49.3 74.4684 1e-08 117.37
49.35 74.7365 1e-08 117.71
49.4 75.017 1e-08 118.049
49.45 75.2831 1e-08 118.413
49.5 75.5483 1e-08 118.759
49.55 75.8258 1e-08 119.104
49.6 76.1154 1e-08 119.439
49.65 76.3647 1e-08 119.79
49.7 76.6262 1e-08 120.132
49.75 76.8867 1e-08 120.473
49.8 77.1724 1e-08 120.804
49.85 77.4182 1e-08 121.143
49.9 77.6761 1e-08 121.481
49.95 77.9332 1e-08 121.802
50 78.215 1e-08 122.146
50.05 78.4448 1e-08 122.481
50.1 78.5977 1e-08 122.8
50.15 78.8137 1e-08 123.125
50.2 78.9024 1e-08 93.5
50.25 55.5 1e-08 76.5
50.3 42.5 1e-08 73
50.35 64.5 1e-08 54
50.4 34.529 1e-08 50.02
50.45 34.529 1e-08 50.02
50.5 35.0466 1e-08 50.02
50.55 35.0466 1e-08 50.02
50.6 35.0466 1e-08 1
50.65 35.0466 1e-08 2
50.7 35.0466 1e-08 2
50.75 35.0466 1e-08 4
50.8 35.0466 1e-08 8
50.85 35.0466 1e-08 16
50.9 35.0466 1e-08 20
50.95 35.0466 1e-08 26.2299
51 35.0466 1e-08 27.2405
51.05 35.0466 1e-08 28.2504
51.1 1 1e-08 28.9501
51.15 1 1e-08 29.43
51.2 2 1e-08 30.268
51.25 2 1e-08 31.2759
51.3 2 1e-08 32.2834
51.35 4 1e-08 32.8669
51.4 4 1e-08 33.4702
51.45 8 1e-08 34.2969
51.5 8 1e-08 35.3031
51.55 16 1e-08 36.2813
51.6 16 1e-08 36.7471
51.65 18.7628 1e-08 37.5016
51.7 18.7628 1e-08 38.3196
51.75 19.7508 1e-08 39.299
51.8 19.7508 1e-08 39.9303
51.85 20.6915 1e-08 40.6749
51.9 20.7399 1e-08 41.4544
51.95 21.405 1e-08 42.3378
52 21.7299 1e-08 43.0872
52.05 22.2758 1e-08 43.8466
52.1 22.7208 1e-08 44.6379
52.15 23.1139 1e-08 45.3934
52.2 23.7124 1e-08 46.2447
52.25 23.9225 1e-08 46.9744
52.3 24.7046 1e-08 47.7767
52.35 24.8258 1e-08 48.5451
52.4 25.6974 1e-08 49.3826
52.45 25.7363 1e-08 50.1064
52.5 26.6532 1e-08 50.8986
52.55 26.6907 1e-08 51.6593
52.6 27.4303 1e-08 52.4281
52.65 27.6845 1e-08 53.2045
52.7 28.2923 1e-08 53.9141
52.75 28.6787 1e-08 54.7425
52.8 29.1973 1e-08 55.4685
52.85 29.6732 1e-08 56.3096
52.9 30.1416 1e-08 57.0332
52.95 30.6681 1e-08 57.8342
53 31.0893 1e-08 58.5731
53.05 31.6001 1e-08 59.3702
53.1 31.9777 1e-08 60.0902
53.15 32.5053 1e-08 60.8675
53.2 32.8725 1e-08 61.5862
53.25 33.3859 1e-08 62.3448
53.3 33.8028 1e-08 63.0943
53.35 34.3023 1e-08 63.8036
53.4 34.737 1e-08 64.5361
53.45 35.2232 1e-08 65.2144
53.5 35.6186 1e-08 65.9161
53.55 36.0652 1e-08 66.5803
53.6 36.4789 1e-08 67.2826
53.65 36.8879 1e-08 67.9188
53.7 37.3461 1e-08 68.6219
53.75 37.7722 1e-08 69.2747
53.8 38.2198 1e-08 69.907
53.85 38.5845 1e-08 70.5478
53.9 39.0484 1e-08 71.1689
53.95 39.4561 1e-08 71.8263
54 39.8346 1e-08 72.4225
54.05 40.2592 1e-08 73.0413
54.1 40.6548 1e-08 73.6549
54.15 41.0953 1e-08 74.2499
54.2 41.4588 1e-08 74.8669
54.25 41.8431 1e-08 75.4392
54.3 42.2712 1e-08 76.0202
54.35 42.6247 1e-08 76.6099
54.4 43.0915 1e-08 77.1822
54.45 43.4383 1e-08 77.7759
54.5 43.8051 1e-08 78.3397
54.55 44.2142 1e-08 78.8867
54.6 44.5523 1e-08 79.43
54.65 44.9323 1e-08 79.9695
54.7 45.3313 1e-08 80.5427
54.75 45.7267 1e-08 81.0872
54.8 46.1405 1e-08 81.6281
54.85 46.4645 1e-08 82.1776
54.9 46.829 1e-08 82.7113
54.95 47.2119 1e-08 83.2296
55 47.5497 1e-08 83.7566
55.05 47.9059 1e-08 84.2566
55.1 48.2803 1e-08 84.7537
55.15 48.5901 1e-08 85.2595
55.2 48.9387 1e-08 85.7508
55.25 49.3255 1e-08 86.274
55.3 49.6489 1e-08 86.7825
55.35 50.0502 1e-08 87.2652
55.4 50.3888 1e-08 87.7794
55.45 50.7251 1e-08 88.2679
55.5 51.0984 1e-08 88.7425
55.55 51.4106 1e-08 89.2482
55.6 51.7789 1e-08 89.7287
55.65 52.1446 1e-08 90.1956
55.7 52.4697 1e-08 90.6932
55.75 52.8117 1e-08 91.1661
55.8 53.1515 1e-08 91.6257
55.85 53.4892 1e-08 92.1046
55.9 53.8247 1e-08 92.5704
55.95 54.1581 1e-08 93.023
56 54.4895 1e-08 93.4948
56.05 54.8189 1e-08 93.943
56.1 55.1645 1e-08 94.389
56.15 55.4899 1e-08 94.8541
56.2 55.8134 1e-08 95.2959
56.25 56.135 1e-08 95.7356
56.3 56.4548 1e-08 96.1941
56.35 56.7904 1e-08 96.6401
56.4 57.1065 1e-08 97.0635
56.45 57.4035 1e-08 97.5158
56.5 57.7509 1e-08 97.9455
56.55 58.079 1e-08 98.3836
56.6 58.371 1e-08 98.8197
56.65 58.6786 1e-08 99.2438
56.7 59.0355 1e-08 99.6662
56.75 59.3228 1e-08 100.107
56.8 59.6255 1e-08 100.515
56.85 59.9433 1e-08 100.932
56.9 60.2761 1e-08 101.367
56.95 60.574 1e-08 101.781
57 60.8705 1e-08 102.183
57.05 61.1819 1e-08 102.603
57.1 61.508 1e-08 103.021
57.15 61.8 1e-08 103.428
57.2 62.1228 1e-08 103.814
57.25 62.3959 1e-08 104.228
57.3 62.6997 1e-08 104.639
57.35 63.0496 1e-08 105.03
57.4 63.3187 1e-08 105.439
57.45 63.6024 1e-08 105.837
57.5 63.9005 1e-08 106.214
57.55 64.2127 1e-08 106.618
57.6 64.5235 1e-08 107.03
57.65 64.8019 1e-08 107.412
57.7 65.1098 1e-08 107.793
57.75 65.3857 1e-08 108.173
57.8 65.6605 1e-08 108.561
57.85 65.9644 1e-08 108.938
57.9 66.282 1e-08 109.341
57.95 66.553 1e-08 109.724
58 66.8529 1e-08 110.107
58.05 67.1515 1e-08 110.478
58.1 67.4042 1e-08 110.849
58.15 67.6855 1e-08 111.227
58.2 67.9804 1e-08 111.595
58.25 68.2886 1e-08 111.989
58.3 68.5663 1e-08 112.363
58.35 68.8429 1e-08 112.727
58.4 69.1473 1e-08 113.091
58.45 69.3927 1e-08 113.453
58.5 69.666 1e-08 113.805
58.55 69.9525 1e-08 114.164
58.6 70.2379 1e-08 114.54
58.65 70.5221 1e-08 114.915
58.7 70.8052 1e-08 115.271
58.75 71.1012 1e-08 115.627
58.8 71.3679 1e-08 115.989
58.85 71.6197 1e-08 116.351
58.9 71.8984 1e-08 116.694
58.95 72.1761 1e-08 117.045
59 72.4389 1e-08 117.395
59.05 72.7007 1e-08 117.743
59.1 72.9753 1e-08 118.083
59.15 73.2489 1e-08 118.446
59.2 73.5215 1e-08 118.792
59.25 73.8066 1e-08 119.145
59.3 74.0771 1e-08 119.48
59.35 74.3466 1e-08 119.84
59.4 74.6018 1e-08 120.19
59.45 74.8828 1e-08 120.53
59.5 75.1627 1e-08 120.862
59.55 75.4018 1e-08 121.209
59.6 75.6666 1e-08 121.546
59.65 75.9305 1e-08 121.867
59.7 76.1935 1e-08 122.219
59.75 76.4424 1e-08 122.554
59.8 76.7037 1e-08 122.88
59.85 76.964 1e-08 123.205
59.9 77.2364 1e-08 123.546
59.95 77.482 1e-08 123.877
60 77.7269 1e-08 124.2
60.05 77.9966 1e-08 124.529
60.1 78.1759 1e-08 124.858
60.15 78.2398 1e-08 125.178
60.2 78.4058 1e-08 95.5
60.25 45.5 1e-08 66
60.3 38.5 1e-08 104
60.35 43 1e-08 65
60.4 71 1e-08 55.0182
60.45 29.0345 1e-08 55.0182
60.5 29.4111 1e-08 55.0182
60.55 29.4451 1e-08 55.0182
60.6 29.4451 1e-08 1
60.65 29.4451 1e-08 2
60.7 29.4451 1e-08 2
60.75 29.4451 1e-08 4
60.8 29.4451 1e-08 8
60.85 29.4451 1e-08 16
60.9 29.4451 1e-08 28.0714
60.95 29.4451 1e-08 28.1426
61 29.4451 1e-08 29.1555
61.05 29.4451 1e-08 30.1674
61.1 1 1e-08 31.1465
61.15 1 1e-08 31.6563
61.2 2 1e-08 32.1891
61.25 2 1e-08 33.199
61.3 4 1e-08 34.2082
61.35 4 1e-08 35.0175
61.4 8 1e-08 35.5843
61.45 8 1e-08 36.2251
61.5 8 1e-08 37.2329
61.55 15.0667 1e-08 38.2402
61.6 15.0667 1e-08 38.7856
61.65 16.0957 1e-08 39.5771
61.7 16.0957 1e-08 40.2537
61.75 17.1211 1e-08 41.26
61.8 17.1211 1e-08 41.9333
61.85 18.1436 1e-08 42.7601
61.9 18.1436 1e-08 43.5252
61.95 19.0589 1e-08 44.2996
62 19.1636 1e-08 45.1052
62.05 19.8313 1e-08 45.8966
62.1 20.1816 1e-08 46.6531
62.15 20.6233 1e-08 47.4186
62.2 21.1978 1e-08 48.2964
62.25 21.5258 1e-08 49.0159
62.3 22.2125 1e-08 49.8455
62.35 22.4366 1e-08 50.6023
62.4 23.2258 1e-08 51.4258
62.45 23.3975 1e-08 52.1788
62.5 24.238 1e-08 52.9777
62.55 24.3204 1e-08 53.7462
62.6 25.0901 1e-08 54.5405
62.65 25.2888 1e-08 55.2873
62.7 25.9142 1e-08 56.0419
62.75 26.2595 1e-08 56.8393
62.8 26.7877 1e-08 57.5736
62.85 27.269 1e-08 58.4015
62.9 27.7059 1e-08 59.1502
62.95 28.2778 1e-08 59.9396
63 28.6644 1e-08 60.6859
63.05 29.2518 1e-08 61.4556
63.1 29.6257 1e-08 1e-08
63.15 30.2275 1e-08 1e-08
63.2 30.5894 1e-08 1e-08
63.25 31.1726 1e-08 1e-08
63.3 31.5237 1e-08 1e-08
63.35 32.1211 1e-08 1e-08
63.4 32.4927 1e-08 1e-08
63.45 32.9513 1e-08 1e-08
63.5 33.4635 1e-08 1e-08
63.55 33.8794 1e-08 1e-08
63.6 34.4359 1e-08 1e-08
63.65 34.8115 1e-08 1e-08
63.7 35.4099 1e-08 1e-08
63.75 35.7753 1e-08 1e-08
63.8 36.3853 1e-08 1e-08
63.85 36.7409 1e-08 1e-08
63.9 37.3351 1e-08 1e-08
63.95 37.7349 1e-08 1e-08
64 38.3398 1e-08 1e-08
64.05 38.7033 1e-08 1e-08
64.1 39.3442 1e-08 1e-08
64.15 39.6733 1e-08 1e-08
64.2 40.3484 1e-08 1e-08
64.25 40.6448 1e-08 1e-08
64.3 41.3281 1e-08 1e-08
64.35 41.6176 1e-08 1e-08
64.4 42.2379 1e-08 1e-08
64.45 42.5681 1e-08 1e-08
64.5 43.1052 1e-08 1e-08
64.55 43.5438 1e-08 1e-08
64.6 43.9781 1e-08 1e-08
64.65 44.5207 1e-08 1e-08
64.7 44.8787 1e-08 1e-08
64.75 45.4985 1e-08 1e-08
64.8 45.7834 1e-08 1e-08
64.85 46.4557 1e-08 1e-08
64.9 46.7562 1e-08 1e-08
64.95 47.4358 1e-08 1e-08
65 47.7091 1e-08 1e-08
65.05 48.4167 1e-08 1e-08
65.1 48.6845 1e-08 1e-08
65.15 49.3983 1e-08 1e-08
65.2 49.681 1e-08 1e-08
65.25 50.3807 1e-08 1e-08
65.3 50.6579 1e-08 1e-08
65.35 51.3832 1e-08 1e-08
65.4 51.6356 1e-08 1e-08
65.45 52.2901 1e-08 1e-08
65.5 52.6142 1e-08 1e-08
65.55 53.1815 1e-08 1e-08
65.6 53.5936 1e-08 1e-08
65.65 54.0766 1e-08 1e-08
65.7 54.5737 1e-08 1e-08
65.75 54.9754 1e-08 1e-08
65.8 55.5366 1e-08 1e-08
65.85 55.8777 1e-08 1e-08
65.9 56.5184 1e-08 1e-08
65.95 56.8008 1e-08 1e-08
66 57.5008 1e-08 1e-08
66.05 57.7438 1e-08 1e-08
66.1 58.4839 1e-08 1e-08
66.15 58.7058 1e-08 1e-08
66.2 59.4675 1e-08 1e-08
66.25 59.6857 1e-08 1e-08
66.3 60.4516 1e-08 1e-08
66.35 60.6663 1e-08 1e-08
66.4 61.42 1e-08 1e-08
66.45 61.6475 1e-08 1e-08
66.5 62.3572 1e-08 1e-08
66.55 62.6293 1e-08 1e-08
66.6 63.2648 1e-08 1e-08
66.65 63.6117 1e-08 1e-08
66.7 64.1752 1e-08 1e-08
66.75 64.5946 1e-08 1e-08
66.8 65.0882 1e-08 1e-08
66.85 65.578 1e-08 1e-08
66.9 66.0037 1e-08 1e-08
66.95 66.5619 1e-08 1e-08
67 66.9216 1e-08 1e-08
67.05 67.5463 1e-08 1e-08
67.1 67.8418 1e-08 1e-08
67.15 68.5166 1e-08 1e-08
67.2 68.7643 1e-08 1e-08
67.25 69.502 1e-08 1e-08
67.3 69.7032 1e-08 1e-08
67.35 70.4879 1e-08 1e-08
67.4 70.6863 1e-08 1e-08
67.45 71.4742 1e-08 1e-08
67.5 71.6559 1e-08 1e-08
67.55 72.3918 1e-08 1e-08
67.6 72.6401 1e-08 1e-08
67.65 73.3116 1e-08 1e-08
67.7 73.6247 1e-08 1e-08
67.75 74.2334 1e-08 1e-08
67.8 74.6231 1e-08 1e-08
67.85 75.1573 1e-08 1e-08
67.9 75.6083 1e-08 1e-08
67.95 76.083 1e-08 1e-08
68 76.5939 1e-08 1e-08
68.05 77.0106 1e-08 1e-08
68.1 77.5799 1e-08 1e-08
68.15 77.94 1e-08 1e-08
68.2 78.5663 1e-08 1e-08
68.25 78.8838 1e-08 1e-08
68.3 79.5404 1e-08 1e-08
68.35 79.8165 1e-08 1e-08
68.4 80.5275 1e-08 1e-08
68.45 80.7508 1e-08 1e-08
68.5 81.5027 1e-08 1e-08
68.55 81.6866 1e-08 1e-08
68.6 82.43 1e-08 1e-08
68.65 82.6602 1e-08 1e-08
68.7 83.359 1e-08 1e-08
68.75 83.6464 1e-08 1e-08
68.8 84.2895 1e-08 1e-08
68.85 84.6211 1e-08 1e-08
68.9 85.2217 1e-08 1e-08
68.95 85.6081 1e-08 1e-08
69 86.1554 1e-08 1e-08
69.05 86.6069 1e-08 1e-08
69.1 87.0905 1e-08 1e-08
69.15 87.5943 1e-08 1e-08
69.2 88.0271 1e-08 1e-08
69.25 88.582 1e-08 1e-08
69.3 88.9651 1e-08 1e-08
69.35 89.57 1e-08 1e-08
69.4 89.9043 1e-08 1e-08
69.45 90.5583 1e-08 1e-08
69.5 90.8449 1e-08 1e-08
69.55 91.514 1e-08 1e-08
69.6 91.7868 1e-08 1e-08
69.65 92.449 1e-08 1e-08
69.7 92.7298 1e-08 1e-08
69.75 93.3854 1e-08 1e-08
69.8 93.6741 1e-08 1e-08
69.85 94.3231 1e-08 1e-08
69.9 94.6512 1e-08 1e-08
69.95 95.262 1e-08 1e-08
70 95.6287 1e-08 1e-08
70.05 96.2022 1e-08 1e-08
70.1 96.6171 1e-08 1e-08
70.15 97.1127 1e-08 1e-08
70.2 97.6057 1e-08 1e-08
70.25 98.0555 1e-08 1e-08
70.3 98.5945 1e-08 1e-08
70.35 98.9994 1e-08 1e-08
70.4 99.5836 1e-08 1e-08
70.45 99.9445 1e-08 1e-08
70.5 100.553 1e-08 1e-08
70.55 100.9 1e-08 1e-08
70.6 101.493 1e-08 1e-08
70.65 101.848 1e-08 1e-08
70.7 102.445 1e-08 1e-08
70.75 102.805 1e-08 1e-08
70.8 103.387 1e-08 1e-08
70.85 103.754 1e-08 1e-08
70.9 104.331 1e-08 1e-08
70.95 104.714 1e-08 1e-08
71 105.276 1e-08 1e-08
71.05 105.674 1e-08 1e-08
71.1 106.221 1e-08 1e-08
71.15 106.635 1e-08 1e-08
71.2 107.168 1e-08 1e-08
71.25 107.615 1e-08 1e-08
71.3 108.116 1e-08 1e-08
71.35 108.605 1e-08 1e-08
71.4 109.064 1e-08 1e-08
71.45 109.595 1e-08 1e-08
71.5 110.014 1e-08 1e-08
71.55 110.567 1e-08 1e-08
71.6 110.964 1e-08 1e-08
71.65 111.512 1e-08 1e-08
71.7 111.915 1e-08 1e-08
71.75 112.459 1e-08 1e-08
71.8 112.876 1e-08 1e-08
71.85 113.406 1e-08 1e-08
71.9 113.829 1e-08 1e-08
71.95 114.355 1e-08 1e-08
72 114.791 1e-08 1e-08
72.05 115.304 1e-08 1e-08
72.1 115.746 1e-08 1e-08
72.15 116.254 1e-08 1e-08
72.2 116.701 1e-08 1e-08
72.25 117.205 1e-08 1e-08
72.3 117.665 1e-08 1e-08
72.35 118.157 1e-08 1e-08
72.4 118.622 1e-08 1e-08
72.45 119.11 1e-08 1e-08
72.5 119.612 1e-08 1e-08
72.55 120.063 1e-08 1e-08
72.6 120.57 1e-08 1e-08
72.65 121.017 1e-08 1e-08
72.7 121.52 1e-08 1e-08
72.75 121.972 1e-08 1e-08
72.8 122.471 1e-08 1e-08
72.85 122.927 1e-08 1e-08
72.9 123.422 1e-08 1e-08
72.95 123.883 1e-08 1e-08
73 124.383 1e-08 1e-08
73.05 124.848 1e-08 1e-08
73.1 125.336 1e-08 1e-08
73.15 125.806 1e-08 1e-08
73.2 126.29 1e-08 1e-08
73.25 126.772 1e-08 1e-08
73.3 127.244 1e-08 1e-08
73.35 127.723 1e-08 1e-08
73.4 128.2 1e-08 1e-08
73.45 128.675 1e-08 1e-08
73.5 129.148 1e-08 1e-08
73.55 129.619 1e-08 1e-08
73.6 130.089 1e-08 1e-08
73.65 130.557 1e-08 1e-08
73.7 131.024 1e-08 1e-08
73.75 131.488 1e-08 1e-08
73.8 131.951 1e-08 1e-08
73.85 132.413 1e-08 1e-08
73.9 132.873 1e-08 1e-08
73.95 133.331 1e-08 1e-08
74 133.788 1e-08 1e-08
74.05 134.243 1e-08 1e-08
74.1 134.697 1e-08 1e-08
74.15 135.149 1e-08 1e-08
74.2 135.599 1e-08 1e-08
74.25 136.049 1e-08 1e-08
74.3 136.496 1e-08 1e-08
74.35 136.942 1e-08 1e-08
74.4 137.387 1e-08 1e-08
74.45 137.83 1e-08 1e-08
74.5 138.272 1e-08 1e-08
74.55 138.713 1e-08 1e-08
74.6 139.159 1e-08 1e-08
74.65 139.597 1e-08 1e-08
74.7 140.033 1e-08 1e-08
74.75 140.468 1e-08 1e-08
74.8 140.902 1e-08 1e-08
74.85 141.334 1e-08 1e-08
74.9 141.765 1e-08 1e-08
