0 0 0 0 0 0 0
0.05 0 0 0 0 0 0
0.1 0 0 0 0 0 0
0.15 0 0 0 0 0 0
0.2 0 0 0 0 0 0
0.25 0 0 0 0 0 0
0.3 0 0 0 0 0 0
0.35 0 0 0 0 0 0
0.4 0 0 0 0 0 0
0.45 0 0 0 0 0 0
0.5 0 0 0 0 0 0
0.55 0 0 0 0 0 0
0.6 0 0 0 0.16384 0 0
0.65 0.01024 0 0 0 0 0
0.7 0 0 0 0.49152 0 0
0.75 0.03072 0 0 0 0 0
0.8 0 0 0 0.98304 0 0
0.85 0.06144 0 0 0 0 0
0.9 0 0 0 1.96608 0 0
0.95 0.12288 0 0 0 0 0
1 0 0 0 3.93216 0 0
1.05 0.24576 0 0 0 0 0
1.1 0 0 0 5.24288 0 0
1.15 0.32768 0 0 2.62144 0 0
1.2 0.16384 0 0 4.42368 0 0
1.25 0.27648 0 0 9.99424 0 0
1.3 0.62464 0 0 4.9152 0 0
1.35 0.3072 0 0 9.99424 0 0
1.4 0.62464 0 0 9.99424 0 0
1.45 0.62464 0 0 9.99424 0 0
1.5 0.62464 0 0 9.99424 0 0
1.55 0.62464 0 0 9.99424 0 0
1.6 0.62464 0 0 9.99424 0 0
1.65 0.62464 0 0 9.99424 0 0
1.7 0.62464 0 0 9.99424 0 0
1.75 0.62464 0 0 9.99424 0 0
1.8 0.62464 0 0 10.1581 0 0
1.85 0.62464 0 0 9.99424 0 0
1.9 0.62464 0 0 9.99424 0 0
1.95 0.62464 0 0 9.99424 0 0
2 0.62464 0 0 9.99424 0 0
2.05 0.62464 0 0 9.99424 0 0
2.1 0.62464 0 0 9.99424 0 0
2.15 0.62464 0 0 9.99424 0 0
2.2 0.62464 0 0 9.99424 0 0
2.25 0.63488 0 0 9.99424 0 0
2.3 0.62464 0 0 9.99424 0 0
2.35 0.62464 0 0 9.99424 0 0
2.4 0.62464 0 0 9.99424 0 0
2.45 0.62464 0 0 9.99424 0 0
2.5 0.62464 0 0 9.17504 0 0
2.55 0.57344 0 0 0 0 0
2.6 0 0 0 0.16384 0 0
2.65 0.01024 0 0 0.16384 0 0
2.7 0.01024 0 0 0 0 0
2.75 0 0 0 0.65536 0 0
2.8 0.04096 0 0 0 0 0
2.85 0 0 0 1.31072 0 0
2.9 0.08192 0 0 0 0 0
2.95 0 0 0 2.62144 0 0
3 0.16384 0 0 0 0 0
3.05 0 0 0 5.24288 0 0
3.1 0.32768 0 0 0 0 0
3.15 0 0 0 6.06208 0 0
3.2 0.37888 0 0 4.42368 0 0
3.25 0.27648 0 0 5.24288 0 0
3.3 0.32768 0 0 9.99424 0 0
3.35 0.62464 0 0 9.99424 0 0
3.4 0.62464 0 0 9.99424 0 0
3.45 0.62464 0 0 9.99424 0 0
3.5 0.62464 0 0 10.1581 0 0
3.55 0.62464 0 0 9.99424 0 0
3.6 0.62464 0 0 9.99424 0 0
3.65 0.62464 0 0 9.99424 0 0
3.7 0.62464 0 0 9.99424 0 0
3.75 0.62464 0 0 9.99424 0 0
3.8 0.62464 0 0 9.99424 0 0
3.85 0.62464 0 0 9.99424 0 0
3.9 0.62464 0 0 9.99424 0 0
3.95 0.62464 0 0 9.99424 0 0
4 0.63488 0 0 0.16384 0 0
4.05 0.01024 0 0 3.11296 0 0
4.1 0.19456 0 0 0.8192 0 0
4.15 0.0512 0 0 0 0 0
4.2 0 0 0 0.16384 0 0
4.25 0.01024 0 0 0 0 0
4.3 0 0 0 0.32768 0 0
4.35 0.02048 0 0 0 0 0
4.4 0 0 0 0.65536 0 0
4.45 0.04096 0 0 0 0 0
4.5 0 0 0 1.31072 0 0
4.55 0.08192 0 0 0 0 0
4.6 0 0 0 2.62144 0 0
4.65 0.16384 0 0 0 0 0
4.7 0 0 0 1.80224 0 0
4.75 0.11264 0 0 3.44064 0 0
4.8 0.21504 0 0 0.98304 0 0
4.85 0.06144 0 0 9.50272 0 0
4.9 0.59392 0 0 0.16384 0 0
4.95 0.01024 0 0 9.99424 0 0
5 0.62464 0 0 9.99424 0 0
5.05 0.62464 0 0 9.50272 0 0
5.1 0.59392 0 0 9.8304 0 0
5.15 0.6144 0 0 9.99424 0 0
5.2 0.62464 0 0 9.99424 0 0
5.25 0.62464 0 0 9.99424 0 0
5.3 0.62464 0 0 9.99424 0 0
5.35 0.62464 0 0 10.1581 0 0
5.4 0.62464 0 0 9.99424 0 0
5.45 0.62464 0 0 9.99424 0 0
5.5 0.62464 0 0 9.99424 0 0
5.55 0.62464 0 0 9.99424 0 0
5.6 0.62464 0 0 9.99424 0 0
5.65 0.62464 0 0 9.99424 0 0
5.7 0.62464 0 0 9.99424 0 0
5.75 0.62464 0 0 9.99424 0 0
5.8 0.62464 0 0 9.99424 0 0
5.85 0.63488 0 0 9.99424 0 0
5.9 0.62464 0 0 9.99424 0 0
5.95 0.62464 0 0 9.99424 0 0
6 0.62464 0 0 9.99424 0 0
6.05 0.62464 0 0 9.99424 0 0
6.1 0.62464 0 0 9.99424 0 0
6.15 0.62464 0 0 9.99424 0 0
6.2 0.62464 0 0 9.99424 0 0
6.25 0.62464 0 0 9.99424 0 0
6.3 0.62464 0 0 9.99424 0 0
6.35 0.62464 0 0 9.99424 0 0
6.4 0.62464 0 0 9.99424 0 0
6.45 0.62464 0 0 9.99424 0 0
6.5 0.62464 0 0 9.99424 0 0
6.55 0.62464 0 0 9.99424 0 0
6.6 0.62464 0 0 9.99424 0 0
6.65 0.62464 0 0 9.99424 0 0
6.7 0.62464 0 0 9.99424 0 0
6.75 0.62464 0 0 9.99424 0 0
6.8 0.62464 0 0 10.1581 0 0
6.85 0.62464 0 0 9.99424 0 0
6.9 0.62464 0 0 9.99424 0 0
6.95 0.62464 0 0 9.99424 0 0
7 0.62464 0 0 9.99424 0 0
7.05 0.62464 0 0 9.99424 0 0
7.1 0.62464 0 0 9.99424 0 0
7.15 0.62464 0 0 9.99424 0 0
7.2 0.62464 0 0 9.99424 0 0
7.25 0.63488 0 0 9.99424 0 0
7.3 0.62464 0 0 9.99424 0 0
7.35 0.62464 0 0 9.99424 0 0
7.4 0.62464 0 0 9.99424 0 0
7.45 0.62464 0 0 9.99424 0 0
7.5 0.62464 0 0 9.99424 0 0
7.55 0.62464 0 0 9.99424 0 0
7.6 0.62464 0 0 9.99424 0 0
7.65 0.62464 0 0 9.99424 0 0
7.7 0.62464 0 0 9.99424 0 0
7.75 0.62464 0 0 9.99424 0 0
7.8 0.62464 0 0 9.99424 0 0
7.85 0.62464 0 0 9.99424 0 0
7.9 0.62464 0 0 9.99424 0 0
7.95 0.62464 0 0 9.99424 0 0
8 0.62464 0 0 9.99424 0 0
8.05 0.62464 0 0 9.99424 0 0
8.1 0.62464 0 0 9.99424 0 0
8.15 0.62464 0 0 9.99424 0 0
8.2 0.62464 0 0 10.1581 0 0
8.25 0.62464 0 0 9.99424 0 0
8.3 0.62464 0 0 9.99424 0 0
8.35 0.62464 0 0 9.99424 0 0
8.4 0.62464 0 0 9.99424 0 0
8.45 0.62464 0 0 9.99424 0 0
8.5 0.62464 0 0 9.99424 0 0
8.55 0.62464 0 0 9.99424 0 0
8.6 0.62464 0 0 9.99424 0 0
8.65 0.63488 0 0 9.99424 0 0
8.7 0.62464 0 0 9.99424 0 0
8.75 0.62464 0 0 9.99424 0 0
8.8 0.62464 0 0 9.99424 0 0
8.85 0.62464 0 0 9.99424 0 0
8.9 0.62464 0 0 9.99424 0 0
8.95 0.62464 0 0 9.99424 0 0
9 0.62464 0 0 9.99424 0 0
9.05 0.62464 0 0 9.99424 0 0
9.1 0.62464 0 0 9.99424 0 0
9.15 0.62464 0 0 9.99424 0 0
9.2 0.62464 0 0 9.99424 0 0
9.25 0.62464 0 0 9.99424 0 0
9.3 0.62464 0 0 9.99424 0 0
9.35 0.62464 0 0 9.99424 0 0
9.4 0.62464 0 0 9.99424 0 0
9.45 0.62464 0 0 9.99424 0 0
9.5 0.62464 0 0 9.99424 0 0
9.55 0.62464 0 0 9.99424 0 0
9.6 0.62464 0 0 9.99424 0 0
9.65 0.62464 0 0 10.1581 0 0
9.7 0.62464 0 0 9.99424 0 0
9.75 0.62464 0 0 9.99424 0 0
9.8 0.62464 0 0 9.99424 0 0
9.85 0.62464 0 0 9.99424 0 0
9.9 0.62464 0 0 9.99424 0 0
9.95 0.62464 0 0 9.99424 0 0
10 0.62464 0 0 9.99424 0 0
10.05 0.62464 0 0 9.66656 0 0
10.1 0.6144 0 0 9.99424 0.16384 0
10.15 0.62464 0.01024 0 9.66656 0 0
10.2 0.60416 0 0 9.99424 0 0
10.25 0.62464 0.02048 0 9.50272 0.49152 0
10.3 0.59392 0.01024 0 9.99424 0 0
10.35 0.62464 0 0 9.99424 0.65536 0
10.4 0.62464 0.06144 0 9.0112 0.32768 0
10.45 0.5632 0 0 9.99424 0 0
10.5 0.62464 0 0 9.33888 1.96608 0
10.55 0.58368 0.12288 0 8.68352 0 0
10.6 0.54272 0 0 9.99424 0 0
10.65 0.62464 0.08192 0 8.02816 3.93216 0
10.7 0.50176 0.16384 0 8.02816 0 0
10.75 0.50176 0 0 9.99424 0 0
10.8 0.62464 0.1024 0 7.3728 3.76832 0
10.85 0.4608 0.13312 0 8.84736 0 0
10.9 0.55296 0 0 9.99424 0.16384 0
10.95 0.62464 0.13312 0 7.04512 3.60448 0
11 0.44032 0.1024 0 9.17504 0 0
11.05 0.57344 0 0 10.1581 0.65536 0
11.1 0.62464 0.16384 0 6.5536 3.11296 0
11.15 0.41984 0.07168 0 9.66656 0 0
11.2 0.59392 0 0 9.99424 0.98304 0
11.25 0.62464 0.18432 0 6.22592 2.78528 0
11.3 0.38912 0.0512 0 9.99424 0.98304 0
11.35 0.62464 0.3072 0 3.2768 6.5536 0
11.4 0.21504 0.16384 0 9.17504 2.29376 0
11.45 0.5632 0.27648 0 4.58752 5.40672 0
11.5 0.29696 0.34816 0 3.60448 8.35584 0
11.55 0.22528 0.62464 0 0 9.99424 0
11.6 0 0.63488 0 0 4.9152 0
11.65 0 0.0512 0 0 0.32768 0
11.7 0 0.02048 0 0 0.32768 0
11.75 0 0.04096 0 0 0.32768 0
11.8 0 0.08192 0 0 1.31072 0
11.85 0 0 0 0 2.62144 0
11.9 0 0.16384 0 0 2.94912 0
11.95 0 0.32768 0 0 2.78528 0
12 0 0.27648 0 0 9.99424 0
12.05 0 0.50176 0 0 8.02816 0
12.1 0 0.62464 0 0 9.99424 0
12.15 0 0.62464 0 0 9.99424 0
12.2 0 0.6144 0 0.16384 9.8304 0
12.25 0.01024 0.62464 0 0 9.99424 0
12.3 0 0.62464 0 0 9.99424 0
12.35 0 0.6144 0 0.32768 9.66656 0
12.4 0.02048 0.62464 0 0 9.99424 0
12.45 0 0.62464 0 0 9.8304 0
12.5 0 0.58368 0 0.65536 9.50272 0
12.55 0.04096 0.62464 0 0 9.99424 0
12.6 0 0.62464 0 0 9.0112 0
12.65 0 0.54272 0 1.31072 9.8304 0
12.7 0.08192 0.62464 0 0 9.99424 0
12.75 0 0.62464 0 0 8.35584 0
12.8 0 0.4608 0 2.62144 9.0112 0
12.85 0.16384 0.62464 0 0 9.99424 0
12.9 0 0.62464 0 0 7.70048 0
12.95 0 0.3584 0 5.07904 7.04512 0
13 0.31744 0.5632 0 0.16384 9.99424 0
13.05 0.01024 0.62464 0 0 7.20896 0
13.1 0 0.32768 0 5.57056 5.24288 0
13.15 0.34816 0.36864 0 3.2768 8.68352 0
13.2 0.2048 0.62464 0 0 9.33888 0
13.25 0 0.4608 0 3.60448 5.24288 0
13.3 0.21504 0.36864 0 3.76832 6.88128 0
13.35 0.24576 0.48128 0 1.6384 9.50272 0
13.4 0.1024 0.60416 0 1.31072 6.88128 0
13.45 0.07168 0.34816 0 4.096 6.38976 0
13.5 0.256 0.43008 0 2.78528 7.70048 0
13.55 0.18432 0.54272 0 0.98304 9.0112 0
13.6 0.06144 0.47104 0 3.11296 6.06208 0
13.65 0.19456 0.4096 0 3.2768 7.04512 0
13.7 0.2048 0.47104 0 2.29376 8.35584 0
13.75 0.14336 0.57344 0 1.31072 7.53664 0
13.8 0.08192 0.38912 0 3.76832 6.88128 0
13.85 0.23552 0.44032 0 2.62144 7.3728 0
13.9 0.16384 0.50176 0 1.96608 8.68352 0
13.95 0.12288 0.48128 0 2.62144 6.5536 0
14 0.16384 0.41984 0 3.11296 7.20896 0
14.05 0.19456 0.47104 0 2.62144 7.86432 0
14.1 0.16384 0.49152 0 1.80224 7.86432 0
14.15 0.11264 0.45056 0 2.94912 6.88128 0
14.2 0.18432 0.44032 0 2.78528 7.3728 0
14.25 0.17408 0.4608 0 2.62144 7.70048 0
14.3 0.16384 0.512 0 1.80224 7.3728 0
14.35 0.11264 0.43008 0 3.2768 7.04512 0
14.4 0.2048 0.45056 0 2.62144 7.70048 0
14.45 0.16384 0.47104 0 2.29376 7.53664 0
14.5 0.14336 0.49152 0 2.4576 7.04512 0
14.55 0.1536 0.43008 0 2.94912 7.53664 0
14.6 0.18432 0.4608 0 2.4576 7.53664 0
14.65 0.1536 0.47104 0 2.62144 7.20896 0
14.7 0.16384 0.47104 0 2.62144 7.3728 0
14.75 0.16384 0.45056 0 2.78528 7.3728 0
14.8 0.17408 0.4608 0 2.4576 7.20896 0
14.85 0.14336 0.4608 0 2.62144 7.53664 0
14.9 0.17408 0.4608 0 2.78528 7.3728 0
14.95 0.17408 0.45056 0 2.4576 7.3728 0
15 0.1536 0.47104 0 2.62144 7.04512 0
15.05 0.16384 0.4608 0 2.78528 7.53664 0
15.1 0.17408 0.45056 0 2.62144 7.3728 0
15.15 0.16384 0.45056 0 2.62144 7.04512 0
15.2 0.16384 0.4608 0 2.4576 7.04512 0
15.25 0.1536 0.44032 0 2.78528 7.3728 0
15.3 0.17408 0.4608 0 2.78528 7.20896 0
15.35 0.17408 0.45056 0 2.4576 7.53664 0
15.4 0.1536 0.47104 0 2.62144 7.04512 0
15.45 0.16384 0.44032 0 2.94912 7.3728 0
15.5 0.18432 0.4608 0 2.78528 7.53664 0
15.55 0.17408 0.4608 0 2.4576 7.53664 0
15.6 0.1536 0.4608 0 2.62144 6.88128 0
15.65 0.16384 0.44032 0 2.94912 7.3728 0
15.7 0.18432 0.4608 0 2.62144 7.3728 0
15.75 0.16384 0.4608 0 2.78528 7.53664 0
15.8 0.17408 0.4608 0 2.62144 7.20896 0
15.85 0.16384 0.44032 0 2.94912 6.88128 0
15.9 0.18432 0.4608 0 2.62144 7.3728 0
15.95 0.16384 0.4608 0 2.78528 7.53664 0
16 0.17408 0.45056 0 2.4576 4.42368 0
16.05 0.1536 0.256 0 6.06208 6.71744 0
16.1 0.37888 0.4608 0 2.78528 5.7344 0
16.15 0.17408 0.17408 0 8.35584 0 0
16.2 0.512 0 0 2.78528 0 0
16.25 0.18432 0 0 7.86432 0 0
16.3 0.48128 0 0 3.44064 0 0
16.35 0.22528 0 0 7.3728 0 0
16.4 0.45056 0 0 4.096 0 0
16.45 0.26624 0 0 6.88128 0 0
16.5 0.41984 0 0 4.9152 0 0
16.55 0.31744 0 0 6.22592 0 0
16.6 0.37888 0 0 5.7344 0 0
16.65 0.3584 0 0 5.57056 0 0
16.7 0.34816 0 0 6.5536 0 0
16.75 0.41984 0.01024 0 4.9152 0.16384 0
16.8 0.3072 0.02048 0 7.3728 0.32768 0
16.85 0.4608 0 0 4.25984 0.65536 0
16.9 0.26624 0.04096 0 8.02816 1.14688 0
16.95 0.50176 0.08192 0 3.76832 0.16384 0
17 0.23552 0.09216 0 6.88128 2.62144 0
17.05 0.43008 0.08192 0 4.58752 3.60448 0
17.1 0.28672 0.31744 0 6.22592 2.94912 0
17.15 0.38912 0.21504 0 5.57056 4.9152 0
17.2 0.34816 0.3072 0 5.57056 4.096 0
17.25 0.34816 0.256 0 6.06208 4.9152 0
17.3 0.37888 0.256 0 5.40672 3.93216 0
17.35 0.33792 0.27648 0 5.57056 4.25984 0
17.4 0.34816 0.29696 0 5.7344 4.75136 0
17.45 0.3584 0.256 0 5.7344 4.42368 0
17.5 0.3584 0.26624 0 5.24288 4.25984 0
17.55 0.32768 0.29696 0 5.57056 4.25984 0
17.6 0.34816 0.27648 0 5.57056 4.75136 0
17.65 0.34816 0.26624 0 5.89824 4.58752 0
17.7 0.36864 0.26624 0 5.40672 4.25984 0
17.75 0.33792 0.28672 0 5.07904 4.42368 0
17.8 0.31744 0.29696 0 5.57056 4.25984 0
17.85 0.34816 0.28672 0 5.57056 4.9152 0
17.9 0.34816 0.27648 0 5.89824 4.75136 0
17.95 0.36864 0.26624 0 5.57056 4.42368 0
18 0.33792 0.27648 0 5.24288 4.58752 0
18.05 0.32768 0.28672 0 5.07904 4.096 0
18.1 0.32768 0.3072 0 5.40672 4.58752 0
18.15 0.33792 0.29696 0 5.40672 4.42368 0
18.2 0.33792 0.28672 0 5.57056 4.75136 0
18.25 0.33792 0.27648 0 5.7344 4.9152 0
18.3 0.3584 0.28672 0 5.40672 4.75136 0
18.35 0.33792 0.27648 0 5.57056 4.58752 0
18.4 0.3584 0.28672 0 5.07904 4.58752 0
18.45 0.31744 0.27648 0 5.24288 4.58752 0
18.5 0.32768 0.28672 0 5.40672 4.58752 0
18.55 0.33792 0.3072 0 5.24288 4.58752 0
18.6 0.32768 0.29696 0 5.07904 4.58752 0
18.65 0.31744 0.29696 0 5.57056 4.58752 0
18.7 0.34816 0.29696 0 5.07904 4.58752 0
18.75 0.31744 0.29696 0 5.57056 4.75136 0
18.8 0.34816 0.28672 0 5.07904 4.58752 0
18.85 0.31744 0.29696 0 5.57056 4.9152 0
18.9 0.34816 0.28672 0 5.07904 4.42368 0
18.95 0.31744 0.29696 0 5.57056 4.9152 0
19 0.34816 0.29696 0 5.07904 4.75136 0
19.05 0.31744 0.28672 0 5.40672 4.75136 0
19.1 0.33792 0.3072 0 5.24288 4.58752 0
19.15 0.32768 0.28672 0 5.24288 4.9152 0
19.2 0.32768 0.29696 0 5.40672 4.58752 0
19.25 0.33792 0.28672 0 5.07904 4.9152 0
19.3 0.31744 0.3072 0 5.24288 4.75136 0
19.35 0.32768 0.28672 0 5.40672 4.58752 0
19.4 0.33792 0.29696 0 5.24288 4.9152 0
19.45 0.31744 0.29696 0 5.24288 4.75136 0
19.5 0.33792 0.29696 0 5.24288 4.75136 0
19.55 0.32768 0.3072 0 5.24288 4.58752 0
19.6 0.32768 0.27648 0 5.24288 5.07904 0
19.65 0.32768 0.29696 0 5.24288 4.58752 0
19.7 0.32768 0.31744 0 5.40672 4.9152 0
19.75 0.32768 0.29696 0 5.07904 4.75136 0
19.8 0.32768 0.28672 0 5.24288 4.58752 0
19.85 0.32768 0.3072 0 5.07904 5.07904 0
19.9 0.31744 0.3072 0 5.24288 4.58752 0
19.95 0.32768 0.3072 0 5.24288 4.75136 0
20 0.32768 0.29696 0 5.24288 4.75136 0
20.05 0.32768 0.29696 0 5.07904 4.9152 0.16384
20.1 0.31744 0.29696 0.01024 5.07904 4.58752 0.49152
20.15 0.31744 0.27648 0.03072 4.9152 4.75136 0
20.2 0.3072 0.3072 0.06144 5.07904 5.07904 0.98304
20.25 0.31744 0.29696 0 5.40672 4.42368 1.96608
20.3 0.33792 0.3072 0.12288 4.42368 5.24288 2.4576
20.35 0.27648 0.3072 0.24576 5.57056 4.58752 2.12992
20.4 0.34816 0.3072 0.21504 3.11296 4.9152 6.88128
20.45 0.19456 0.29696 0.29696 5.07904 5.24288 4.9152
20.5 0.31744 0.3072 0.44032 2.94912 4.75136 7.04512
20.55 0.18432 0.34816 0.4608 3.60448 5.40672 6.38976
20.6 0.22528 0.3072 0.38912 2.78528 5.57056 7.20896
20.65 0.17408 0.39936 0.4608 2.29376 6.5536 7.70048
20.7 0.14336 0.37888 0.49152 1.6384 6.38976 8.35584
20.75 0.1024 0.44032 0.52224 1.14688 7.20896 8.84736
20.8 0.07168 0.4608 0.57344 1.14688 8.35584 9.0112
20.85 0.07168 0.57344 0.58368 0.32768 9.99424 9.66656
20.9 0.02048 0.62464 0.60416 0.49152 9.99424 9.50272
20.95 0.03072 0.62464 0.58368 0.16384 9.99424 9.8304
21 0.01024 0.62464 0.62464 0 9.99424 9.99424
21.05 0 0.62464 0.62464 0 9.99424 9.99424
21.1 0 0.62464 0.62464 0 9.99424 9.99424
21.15 0 0.62464 0.62464 0 9.99424 9.99424
21.2 0 0.62464 0.62464 0 9.99424 9.99424
21.25 0 0.62464 0.62464 0 9.99424 9.99424
21.3 0 0.62464 0.62464 0 9.99424 9.99424
21.35 0 0.62464 0.62464 0 9.99424 9.99424
21.4 0 0.62464 0.512 0 9.99424 2.12992
21.45 0 0.63488 0 0 9.99424 0
21.5 0 0.6144 0 0.16384 9.8304 0
21.55 0.01024 0.62464 0 0 9.99424 0
21.6 0 0.62464 0 0.16384 9.66656 0
21.65 0.01024 0.60416 0 0.16384 9.99424 0
21.7 0.01024 0.62464 0 0 9.33888 0
21.75 0 0.58368 0 0.65536 10.1581 0
21.8 0.04096 0.62464 0 0 9.99424 0
21.85 0 0.54272 0 1.31072 8.68352 0
21.9 0.08192 0.62464 0 0 9.99424 0
21.95 0 0.62464 0 0.49152 7.3728 0
22 0.03072 0.4608 0 2.12992 9.99424 0
22.05 0.13312 0.62464 0 0 9.17504 0
22.1 0 0.45056 0 3.60448 6.38976 0
22.15 0.22528 0.52224 0 0.8192 9.99424 0
22.2 0.0512 0.58368 0 1.14688 7.3728 0
22.25 0.07168 0.41984 0 3.2768 8.02816 0
22.3 0.2048 0.58368 0 0.16384 9.33888 0
22.35 0.01024 0.50176 0 2.4576 7.04512 0
22.4 0.14336 0.4608 0 2.29376 8.84736 0
22.45 0.1536 0.6144 0 0.32768 8.192 0
22.5 0.02048 0.4608 0 2.78528 7.53664 0
22.55 0.16384 0.48128 0.01024 1.80224 9.33888 0.16384
22.6 0.12288 0.57344 0 1.31072 7.53664 0.32768
22.65 0.07168 0.48128 0.02048 2.12992 7.86432 0.49152
22.7 0.14336 0.50176 0.03072 1.6384 9.17504 0
22.75 0.1024 0.54272 0.04096 1.80224 7.53664 0.65536
22.8 0.11264 0.49152 0.0512 2.29376 8.02816 0.8192
22.85 0.14336 0.512 0 1.14688 8.68352 0.98304
22.9 0.07168 0.52224 0.06144 2.29376 7.70048 1.14688
22.95 0.14336 0.48128 0.07168 2.12992 8.192 0
23 0.13312 0.54272 0.08192 1.14688 8.35584 1.31072
23.05 0.07168 0.50176 0.04096 2.29376 7.86432 1.47456
23.1 0.14336 0.47104 0.0512 2.12992 8.02816 1.6384
23.15 0.13312 0.55296 0.1024 1.31072 8.35584 1.47456
23.2 0.08192 0.48128 0.11264 2.29376 8.02816 0.32768
23.25 0.14336 0.48128 0.12288 2.12992 8.02816 1.96608
23.3 0.13312 0.54272 0.03072 1.47456 8.192 2.12992
23.35 0.09216 0.49152 0.1024 2.12992 8.02816 2.29376
23.4 0.13312 0.48128 0.14336 2.29376 7.86432 1.47456
23.45 0.14336 0.53248 0.1536 1.47456 8.192 0.98304
23.5 0.09216 0.50176 0.16384 2.29376 8.02816 2.62144
23.55 0.14336 0.47104 0.03072 2.12992 7.86432 2.78528
23.6 0.13312 0.53248 0.14336 1.6384 8.192 2.94912
23.65 0.1024 0.50176 0.18432 2.12992 7.86432 1.14688
23.7 0.13312 0.48128 0.19456 2.29376 7.86432 1.96608
23.75 0.14336 0.50176 0.14336 1.47456 8.192 3.2768
23.8 0.09216 0.512 0.1024 2.12992 7.86432 3.44064
23.85 0.12288 0.49152 0.17408 2.12992 7.86432 3.11296
23.9 0.14336 0.48128 0.22528 1.96608 8.02816 1.80224
23.95 0.12288 0.512 0.23552 1.96608 7.86432 2.4576
24 0.12288 0.49152 0.1536 2.12992 7.70048 3.93216
24.05 0.13312 0.48128 0.13312 2.29376 8.35584 4.096
24.1 0.13312 0.50176 0.21504 1.80224 7.86432 3.2768
24.15 0.12288 0.50176 0.26624 2.12992 7.53664 2.29376
24.2 0.13312 0.48128 0.256 2.4576 8.192 3.11296
24.25 0.1536 0.49152 0.17408 1.96608 8.02816 4.58752
24.3 0.12288 0.49152 0.17408 1.96608 7.86432 4.75136
24.35 0.12288 0.49152 0.256 2.4576 7.53664 3.11296
24.4 0.14336 0.512 0.3072 1.96608 8.192 2.94912
24.45 0.13312 0.49152 0.27648 1.96608 7.70048 3.93216
24.5 0.12288 0.48128 0.18432 2.62144 7.53664 5.24288
24.55 0.16384 0.49152 0.22528 1.6384 8.02816 5.24288
24.6 0.1024 0.50176 0.29696 2.12992 8.02816 3.11296
24.65 0.13312 0.49152 0.34816 2.12992 7.53664 3.60448
24.7 0.13312 0.4608 0.22528 2.62144 8.192 4.75136
24.75 0.16384 0.50176 0.23552 1.80224 8.02816 5.89824
24.8 0.11264 0.49152 0.31744 2.29376 7.20896 4.42368
24.85 0.14336 0.47104 0.32768 2.4576 8.02816 3.93216
24.9 0.1536 0.50176 0.33792 1.96608 7.86432 4.9152
24.95 0.12288 0.49152 0.26624 2.4576 7.86432 5.40672
25 0.1536 0.4608 0.28672 2.12992 7.53664 5.89824
25.05 0.13312 0.50176 0.3584 2.12992 7.86432 4.9152
25.1 0.13312 0.49152 0.36864 1.96608 7.3728 4.75136
25.15 0.12288 0.4608 0.3072 2.29376 7.53664 5.57056
25.2 0.14336 0.47104 0.33792 2.4576 8.02816 6.22592
25.25 0.1536 0.49152 0.32768 2.29376 7.70048 5.57056
25.3 0.14336 0.47104 0.39936 2.12992 7.70048 5.57056
25.35 0.13312 0.48128 0.39936 2.4576 7.53664 5.40672
25.4 0.1536 0.50176 0.33792 2.12992 7.70048 6.5536
25.45 0.13312 0.48128 0.33792 2.12992 7.86432 6.71744
25.5 0.13312 0.48128 0.38912 2.29376 7.53664 5.7344
25.55 0.14336 0.47104 0.44032 2.4576 7.86432 5.89824
25.6 0.1536 0.48128 0.37888 2.29376 7.86432 6.22592
25.65 0.14336 0.48128 0.38912 2.29376 7.53664 7.20896
25.7 0.14336 0.47104 0.38912 2.4576 7.53664 6.22592
25.75 0.1536 0.50176 0.43008 2.29376 7.70048 6.5536
25.8 0.14336 0.48128 0.43008 1.96608 7.70048 6.88128
25.85 0.12288 0.48128 0.41984 2.62144 7.53664 6.88128
25.9 0.16384 0.4608 0.41984 2.29376 7.86432 7.3728
25.95 0.14336 0.49152 0.45056 2.4576 7.70048 6.71744
26 0.1536 0.48128 0.4608 2.12992 7.53664 7.04512
26.05 0.13312 0.4608 0.43008 2.78528 7.53664 7.20896
26.1 0.17408 0.47104 0.4608 2.12992 7.86432 7.86432
26.15 0.13312 0.49152 0.4608 2.12992 7.70048 7.3728
26.2 0.13312 0.48128 0.48128 2.4576 7.3728 7.3728
26.25 0.1536 0.4608 0.4608 2.62144 7.53664 7.3728
26.3 0.16384 0.49152 0.47104 2.12992 7.86432 7.86432
26.35 0.13312 0.48128 0.49152 2.29376 7.53664 7.70048
26.4 0.14336 0.47104 0.47104 2.29376 7.3728 7.70048
26.45 0.14336 0.4608 0.47104 2.62144 7.86432 7.3728
26.5 0.16384 0.48128 0.49152 2.29376 7.70048 7.70048
26.55 0.14336 0.48128 0.48128 2.29376 7.53664 7.70048
26.6 0.14336 0.4608 0.47104 2.4576 7.3728 7.53664
26.65 0.1536 0.48128 0.47104 2.29376 7.86432 7.86432
26.7 0.14336 0.48128 0.48128 2.4576 7.70048 7.53664
26.75 0.1536 0.47104 0.48128 2.29376 7.70048 7.70048
26.8 0.14336 0.47104 0.48128 2.29376 7.3728 7.70048
26.85 0.14336 0.48128 0.47104 2.29376 7.70048 7.70048
26.9 0.14336 0.48128 0.48128 2.4576 7.70048 7.53664
26.95 0.14336 0.47104 0.48128 2.29376 7.53664 7.70048
27 0.14336 0.47104 0.48128 2.4576 7.53664 7.53664
27.05 0.1536 0.49152 0.47104 2.12992 7.70048 7.86432
27.1 0.14336 0.47104 0.48128 2.4576 7.53664 7.53664
27.15 0.1536 0.48128 0.48128 2.29376 7.86432 7.70048
27.2 0.14336 0.47104 0.48128 2.29376 7.3728 7.70048
27.25 0.14336 0.49152 0.47104 2.29376 7.70048 7.70048
27.3 0.14336 0.48128 0.48128 2.4576 7.70048 7.53664
27.35 0.1536 0.47104 0.48128 2.29376 7.70048 7.70048
27.4 0.14336 0.47104 0.48128 2.29376 7.3728 7.70048
27.45 0.14336 0.48128 0.48128 2.4576 7.86432 7.53664
27.5 0.1536 0.48128 0.48128 2.12992 7.86432 7.86432
27.55 0.13312 0.48128 0.47104 2.29376 7.53664 7.70048
27.6 0.14336 0.4608 0.48128 2.29376 7.53664 7.70048
27.65 0.14336 0.48128 0.48128 2.4576 7.70048 7.53664
27.7 0.1536 0.48128 0.48128 2.29376 7.70048 7.70048
27.75 0.14336 0.48128 0.48128 2.12992 7.70048 7.86432
27.8 0.13312 0.49152 0.49152 2.4576 7.53664 7.53664
27.85 0.1536 0.4608 0.47104 2.29376 7.70048 7.70048
27.9 0.14336 0.49152 0.48128 2.29376 7.70048 7.70048
27.95 0.14336 0.48128 0.48128 2.29376 7.70048 7.70048
28 0.14336 0.47104 0.49152 2.29376 7.53664 7.70048
28.05 0.14336 0.47104 0.47104 2.4576 7.70048 7.70048
28.1 0.1536 0.49152 0.48128 2.29376 7.70048 7.70048
28.15 0.14336 0.47104 0.48128 2.12992 7.70048 7.86432
28.2 0.13312 0.48128 0.48128 2.4576 7.70048 7.53664
28.25 0.14336 0.47104 0.48128 2.12992 7.53664 7.86432
28.3 0.14336 0.48128 0.47104 2.4576 7.70048 7.53664
28.35 0.1536 0.49152 0.49152 2.29376 7.70048 7.70048
28.4 0.14336 0.47104 0.48128 2.29376 7.70048 7.70048
28.45 0.13312 0.49152 0.48128 2.29376 7.53664 7.70048
28.5 0.1536 0.4608 0.48128 2.29376 7.70048 7.70048
28.55 0.14336 0.49152 0.47104 2.29376 7.70048 7.70048
28.6 0.14336 0.49152 0.49152 2.29376 7.70048 7.70048
28.65 0.14336 0.47104 0.48128 2.29376 7.86432 7.70048
28.7 0.14336 0.47104 0.48128 2.12992 7.3728 7.86432
28.75 0.13312 0.49152 0.47104 2.62144 7.70048 7.3728
28.8 0.16384 0.48128 0.48128 2.12992 7.86432 7.86432
28.85 0.13312 0.47104 0.48128 2.29376 7.53664 7.70048
28.9 0.14336 0.49152 0.49152 2.29376 7.70048 7.70048
28.95 0.14336 0.4608 0.48128 2.12992 7.86432 7.86432
29 0.13312 0.49152 0.47104 2.4576 7.53664 7.53664
29.05 0.1536 0.48128 0.49152 2.29376 7.86432 7.70048
29.1 0.14336 0.48128 0.48128 2.29376 7.70048 7.70048
29.15 0.14336 0.49152 0.48128 2.12992 7.53664 7.86432
29.2 0.13312 0.4608 0.49152 2.4576 7.70048 7.53664
29.25 0.1536 0.49152 0.47104 2.29376 7.70048 7.70048
29.3 0.14336 0.48128 0.49152 2.29376 7.70048 7.70048
29.35 0.14336 0.48128 0.48128 2.12992 7.86432 7.86432
29.4 0.13312 0.43008 0.48128 2.29376 2.12992 7.70048
29.45 0.14336 0 0.48128 3.93216 0 6.22592
29.5 0.24576 0 0.3072 4.096 0 5.89824
29.55 0.256 0 0.44032 2.29376 0 7.70048
29.6 0.14336 0 0.4608 4.096 0 5.89824
29.65 0.24576 0 0.34816 4.25984 0 5.7344
29.7 0.26624 0 0.41984 2.29376 0 7.70048
29.75 0.14336 0 0.45056 3.60448 0 6.38976
29.8 0.23552 0 0.3584 3.93216 0 6.06208
29.85 0.24576 0 0.39936 2.78528 0 7.20896
29.9 0.17408 0 0.47104 3.44064 0 6.5536
29.95 0.21504 0 0.36864 4.25984 0 5.7344
30 0.26624 0 0.4096 2.94912 0 7.04512
30.05 0.18432 0 0.43008 3.2768 0 6.71744
30.1 0.14336 0 0.39936 3.76832 0 6.06208
30.15 0.14336 0 0.31744 1.80224 0 3.60448
30.2 0.256 0 0.31744 2.4576 0 7.53664
30.25 0.1536 0 0.44032 3.76832 0 6.22592
30.3 0.24576 0 0.3584 5.7344 0 2.62144
30.35 0.3584 0 0.06144 0.49152 0 0.49152
30.4 0.03072 0 0.01024 1.6384 0 0
30.45 0.1024 0 0 0.49152 0 0
30.5 0.03072 0 0 0 0 0
30.55 0 0 0 0 0 0
30.6 0 0 0 0 0 0
30.65 0 0 0.01024 0 0 0.16384
30.7 0 0 0 0 0 0.32768
30.75 0 0 0.02048 0 0 0.65536
30.8 0 0 0.04096 0 0 0
30.85 0 0 0.08192 0 0 1.31072
30.9 0 0 0.06144 0 0 2.62144
30.95 0 0 0.1024 0 0 2.94912
31 0 0 0.18432 0 0 1.96608
31.05 0 0 0.19456 0.16384 0 1.14688
31.1 0.01024 0 0.2048 0 0 3.2768
31.15 0 0 0.07168 0.32768 0 3.44064
31.2 0.02048 0 0.14336 0 0 3.60448
31.25 0 0 0.22528 0.65536 0 2.12992
31.3 0.04096 0 0.23552 0 0 1.6384
31.35 0 0 0.21504 1.31072 0 3.93216
31.4 0.08192 0 0.1024 0 0 4.096
31.45 0 0 0.18432 2.29376 0 3.11296
31.5 0.14336 0 0.26624 0 0 2.4576
31.55 0 0 0.27648 2.4576 0 3.11296
31.6 0.1536 0 0.1536 0 0 4.58752
31.65 0 0 0.17408 1.47456 0 4.75136
31.7 0.09216 0 0.256 1.14688 0 3.2768
31.75 0.07168 0 0.3072 1.14688 0 2.94912
31.8 0.07168 0 0.22528 1.6384 0 3.76832
31.85 0.1024 0 0.256 0.98304 0 5.24288
31.9 0.06144 0 0.19456 1.96608 0 5.07904
31.95 0.12288 0 0.3072 0.49152 0 3.44064
32 0.03072 0 0.34816 2.62144 0 3.60448
32.05 0.16384 0 0.256 0.16384 0 4.58752
32.1 0.01024 0 0.256 3.11296 0 5.89824
32.15 0.19456 0 0.24576 0 0 4.25984
32.2 0 0 0.34816 3.44064 0 4.42368
32.25 0.21504 0 0.34816 0 0 4.42368
32.3 0 0 0.26624 3.60448 0 5.57056
32.35 0.22528 0 0.27648 0 0 6.22592
32.4 0 0 0.33792 2.4576 0 4.42368
32.45 0.1536 0 0.38912 1.31072 0 5.40672
32.5 0.08192 0 0.29696 1.96608 0 4.9152
32.55 0.12288 0 0.31744 1.96608 0 6.22592
32.6 0.12288 0 0.34816 1.6384 0 5.57056
32.65 0.1024 0 0.38912 2.4576 0 5.7344
32.7 0.1536 0 0.38912 1.31072 0 5.40672
32.75 0.08192 0 0.33792 2.94912 0 6.38976
32.8 0.18432 0 0.36864 1.14688 0 5.7344
32.85 0.07168 0 0.37888 3.2768 0 6.06208
32.9 0.2048 0 0.4096 0.8192 0 6.22592
32.95 0.0512 0 0.38912 3.60448 0 6.38976
33 0.22528 0 0.38912 0.8192 0 6.88128
33.05 0.0512 0 0.38912 2.94912 0 6.22592
33.1 0.18432 0 0.43008 1.6384 0 7.04512
33.15 0.1024 0 0.4096 2.78528 0 6.38976
33.2 0.17408 0 0.4096 1.96608 0 7.20896
33.25 0.12288 0 0.44032 2.4576 0 6.71744
33.3 0.1536 0 0.43008 2.4576 0 7.20896
33.35 0.1536 0 0.4608 2.29376 0 6.71744
33.4 0.14336 0 0.41984 2.78528 0 7.20896
33.45 0.17408 0 0.48128 2.12992 0 7.04512
33.5 0.13312 0 0.41984 3.11296 0 6.88128
33.55 0.19456 0 0.4608 2.12992 0 7.86432
33.6 0.13312 0 0.47104 2.78528 0 7.04512
33.65 0.17408 0 0.45056 2.4576 0 7.53664
33.7 0.1536 0 0.4608 2.78528 0 7.20896
33.75 0.17408 0 0.44032 2.29376 0 7.70048
33.8 0.14336 0 0.48128 2.94912 0 7.04512
33.85 0.18432 0 0.45056 2.4576 0 7.53664
33.9 0.1536 0 0.4608 2.62144 0 7.3728
33.95 0.16384 0 0.45056 2.94912 0 7.04512
34 0.18432 0 0.48128 2.4576 0 7.53664
34.05 0.1536 0 0.45056 2.78528 0 7.20896
34.1 0.17408 0 0.4608 2.62144 0 7.3728
34.15 0.16384 0 0.4608 2.78528 0 7.20896
34.2 0.17408 0 0.44032 2.4576 0 7.53664
34.25 0.1536 0 0.4608 2.94912 0 7.04512
34.3 0.18432 0 0.45056 2.78528 0 7.20896
34.35 0.17408 0 0.4608 2.62144 0 7.53664
34.4 0.16384 0 0.45056 2.94912 0 7.04512
34.45 0.18432 0 0.44032 2.62144 0 7.3728
34.5 0.16384 0 0.4608 2.94912 0 7.04512
34.55 0.17408 0 0.45056 2.78528 0 7.20896
34.6 0.18432 0 0.45056 2.62144 0 7.3728
34.65 0.16384 0 0.45056 2.94912 0 7.04512
34.7 0.18432 0 0.44032 2.62144 0 7.3728
34.75 0.16384 0 0.4608 2.94912 0 7.04512
34.8 0.18432 0 0.44032 2.94912 0 7.04512
34.85 0.18432 0 0.4608 2.62144 0 7.3728
34.9 0.16384 0 0.44032 3.11296 0 6.88128
34.95 0.19456 0 0.44032 2.62144 0 7.3728
35 0.16384 0 0.44032 2.78528 0 7.20896
35.05 0.17408 0 0.44032 2.94912 0 6.88128
35.1 0.18432 0 0.44032 2.62144 0 7.04512
35.15 0.16384 0 0.44032 3.2768 0 6.71744
35.2 0.2048 0 0.43008 2.78528 0 7.20896
35.25 0.17408 0 0.4608 2.78528 0 7.20896
35.3 0.17408 0 0.44032 3.11296 0 6.88128
35.35 0.19456 0 0.44032 2.62144 0 7.3728
35.4 0.16384 0 0.45056 2.94912 0 7.04512
35.45 0.18432 0 0.41984 3.11296 0 6.88128
35.5 0.19456 0 0.4608 2.62144 0 7.3728
35.55 0.16384 0 0.44032 3.11296 0 6.88128
35.6 0.19456 0 0.43008 2.94912 0 7.04512
35.65 0.18432 0 0.45056 2.94912 0 7.04512
35.7 0.18432 0 0.44032 3.11296 0 6.88128
35.75 0.19456 0 0.43008 2.94912 0 7.04512
35.8 0.18432 0 0.45056 2.94912 0 7.20896
35.85 0.18432 0 0.45056 3.2768 0 6.71744
35.9 0.19456 0 0.43008 2.78528 0 7.20896
35.95 0.18432 0 0.44032 2.94912 0 7.04512
36 0.18432 0 0.44032 3.11296 0 6.88128
36.05 0.19456 0 0.43008 2.94912 0 7.04512
36.1 0.17408 0 0.44032 2.94912 0 7.04512
36.15 0.19456 0 0.44032 3.11296 0 6.88128
36.2 0.19456 0 0.43008 2.78528 0 7.20896
36.25 0.17408 0 0.44032 3.11296 0 6.88128
36.3 0.19456 0 0.43008 3.2768 0 6.71744
36.35 0.2048 0 0.44032 2.78528 0 7.20896
36.4 0.17408 0 0.44032 2.94912 0 7.04512
36.45 0.18432 0 0.41984 3.2768 0 6.71744
36.5 0.2048 0 0.44032 2.94912 0 7.04512
36.55 0.18432 0 0.44032 2.94912 0 7.04512
36.6 0.18432 0 0.41984 3.44064 0 6.5536
36.65 0.21504 0 0.44032 2.78528 0 7.20896
36.7 0.17408 0 0.44032 3.11296 0 6.88128
36.75 0.19456 0 0.41984 3.11296 0 6.88128
36.8 0.19456 0 0.43008 3.11296 0 6.88128
36.85 0.19456 0 0.44032 2.94912 0 7.04512
36.9 0.18432 0 0.43008 3.11296 0 6.88128
36.95 0.19456 0 0.41984 3.11296 0 6.88128
37 0.19456 0 0.45056 3.11296 0 6.88128
37.05 0.19456 0 0.43008 3.2768 0 6.71744
37.1 0.2048 0 0.4096 2.78528 0 7.20896
37.15 0.17408 0 0.44032 3.2768 0 6.71744
37.2 0.2048 0 0.43008 3.44064 0 6.71744
37.25 0.21504 0 0.43008 2.78528 0 7.20896
37.3 0.17408 0 0.41984 3.11296 0 6.88128
37.35 0.19456 0 0.44032 3.2768 0 6.71744
37.4 0.19456 0 0.41984 3.2768 0 6.71744
37.45 0.2048 0 0.44032 2.94912 0 7.04512
37.5 0.18432 0 0.43008 3.11296 0 6.88128
37.55 0.2048 0 0.4096 3.2768 0 6.71744
37.6 0.19456 0 0.44032 3.11296 0 6.88128
37.65 0.2048 0 0.43008 3.2768 0 6.71744
37.7 0.2048 0 0.41984 3.11296 0 6.88128
37.75 0.19456 0 0.41984 3.11296 0 6.88128
37.8 0.19456 0 0.43008 3.11296 0 6.88128
37.85 0.19456 0 0.43008 3.44064 0 6.5536
37.9 0.21504 0 0.41984 3.11296 0 6.88128
37.95 0.19456 0 0.43008 2.94912 0 7.04512
38 0.18432 0 0.43008 3.2768 0 6.71744
38.05 0.2048 0 0.39936 3.2768 0 6.71744
38.1 0.2048 0 0.44032 3.2768 0 6.71744
38.15 0.2048 0 0.43008 3.2768 0 6.71744
38.2 0.2048 0 0.41984 3.2768 0 6.71744
38.25 0.2048 0 0.43008 2.94912 0 7.04512
38.3 0.18432 0 0.41984 3.2768 0 6.71744
38.35 0.2048 0 0.41984 3.11296 0 6.88128
38.4 0.19456 0 0.41984 3.2768 0 6.71744
38.45 0.2048 0 0.44032 3.2768 0 6.71744
38.5 0.2048 0 0.43008 3.2768 0 6.71744
38.55 0.2048 0 0.41984 3.2768 0 6.71744
38.6 0.2048 0 0.41984 3.11296 0 6.88128
38.65 0.19456 0 0.41984 3.11296 0 7.04512
38.7 0.19456 0 0.4096 3.2768 0 6.71744
38.75 0.2048 0 0.41984 3.44064 0 6.5536
38.8 0.2048 0 0.43008 3.2768 0 6.71744
38.85 0.21504 0 0.43008 3.2768 0 6.71744
38.9 0.2048 0 0.41984 3.44064 0 6.5536
38.95 0.21504 0 0.4096 3.11296 0 6.88128
39 0.18432 0 0.43008 3.11296 0 6.88128
39.05 0.2048 0 0.43008 3.2768 0 6.71744
39.1 0.2048 0 0.39936 3.44064 0 6.5536
39.15 0.21504 0 0.41984 2.94912 0 7.04512
39.2 0.18432 0 0.43008 3.2768 0 6.71744
39.25 0.2048 0 0.4096 3.60448 0 6.38976
39.3 0.22528 0 0.41984 3.2768 0 6.71744
39.35 0.2048 0 0.43008 3.2768 0 6.71744
39.4 0.2048 0 0.41984 3.2768 0 6.71744
39.45 0.2048 0 0.41984 3.44064 0 6.5536
39.5 0.21504 0 0.4096 3.11296 0 6.88128
39.55 0.19456 0 0.43008 3.11296 0 6.88128
39.6 0.19456 0 0.41984 3.44064 0 6.5536
39.65 0.21504 0 0.39936 3.44064 0 6.5536
39.7 0.21504 0 0.41984 3.11296 0 6.88128
39.75 0.19456 0 0.41984 3.2768 0 6.71744
39.8 0.2048 0 0.41984 3.44064 0 6.5536
39.85 0.21504 0 0.4096 3.2768 0 6.71744
39.9 0.2048 0 0.43008 3.2768 0 6.71744
39.95 0.2048 0 0.41984 3.60448 0 6.38976
40 0.22528 0 0.4096 3.2768 0 6.71744
40.05 0.18432 0 0.41984 3.2768 0 6.88128
40.1 0.13312 0 0.41984 3.44064 0 6.5536
40.15 0.13312 0 0.38912 0.98304 0 5.07904
40.2 0.09216 0 0.36864 2.62144 0 7.3728
40.25 0.3072 0 0.41984 4.25984 0 5.7344
40.3 0.26624 0 0.36864 3.93216 0 6.06208
40.35 0.24576 0 0.29696 2.94912 0 1.80224
40.4 0.18432 0 0.03072 0.32768 0 0.16384
40.45 0.02048 0 0.01024 0 0 0
40.5 0 0 0 0 0 0
40.55 0 0 0 0 0 0
40.6 0 0 0 0 0 0
40.65 0 0 0.01024 0 0 0.16384
40.7 0 0 0.02048 0 0 0.32768
40.75 0 0 0 0 0 0.65536
40.8 0 0 0.04096 0 0 1.31072
40.85 0 0 0.08192 0 0 0
40.9 0 0 0.16384 0 0 2.62144
40.95 0 0 0.06144 0 0 3.76832
41 0 0 0.17408 0.16384 0 3.93216
41.05 0.01024 0 0.24576 0 0 1.96608
41.1 0 0 0.256 0.32768 0 2.12992
41.15 0.02048 0 0.21504 0 0 4.25984
41.2 0 0 0.11264 0.65536 0 4.42368
41.25 0.04096 0 0.21504 0 0 4.58752
41.3 0 0 0.28672 0.98304 0 1.14688
41.35 0.06144 0 0.29696 0.32768 0 3.60448
41.4 0.02048 0 0.14336 0.98304 0 4.9152
41.45 0.06144 0 0.2048 1.6384 0 5.07904
41.5 0.1024 0 0.27648 0 0 3.44064
41.55 0 0 0.32768 2.78528 0 3.11296
41.6 0.17408 0 0.26624 0 0 4.096
41.65 0 0 0.19456 2.94912 0 5.57056
41.7 0.18432 0 0.26624 0 0 4.42368
41.75 0 0 0.31744 3.11296 0 4.096
41.8 0.19456 0 0.36864 0 0 4.42368
41.85 0 0 0.22528 3.2768 0 4.9152
41.9 0.2048 0 0.28672 0 0 5.89824
41.95 0 0 0.29696 2.94912 0 4.25984
42 0.17408 0 0.3584 0.49152 0 5.07904
42.05 0.04096 0 0.32768 2.62144 0 4.9152
42.1 0.16384 0 0.32768 0.98304 0 5.7344
42.15 0.06144 0 0.29696 2.29376 0 5.24288
42.2 0.14336 0 0.3584 1.47456 0 5.89824
42.25 0.09216 0 0.36864 1.96608 0 4.9152
42.3 0.12288 0 0.32768 1.96608 0 6.22592
42.35 0.12288 0 0.34816 1.31072 0 5.57056
42.4 0.08192 0 0.36864 2.78528 0 6.06208
42.45 0.17408 0 0.36864 0.8192 0 5.7344
42.5 0.0512 0 0.36864 3.44064 0 6.06208
42.55 0.21504 0 0.4096 0.49152 0 6.06208
42.6 0.03072 0 0.34816 3.93216 0 5.89824
42.65 0.24576 0 0.4096 0.32768 0 6.88128
42.7 0.02048 0 0.38912 3.44064 0 6.06208
42.75 0.21504 0 0.43008 0.8192 0 6.71744
42.8 0.0512 0 0.36864 3.2768 0 6.5536
42.85 0.2048 0 0.41984 1.47456 0 7.04512
42.9 0.09216 0 0.44032 3.11296 0 6.38976
42.95 0.19456 0 0.4096 1.80224 0 7.3728
43 0.11264 0 0.45056 2.62144 0 6.5536
43.05 0.16384 0 0.43008 2.4576 0 7.20896
43.1 0.1536 0 0.44032 2.4576 0 6.71744
43.15 0.1536 0 0.44032 2.78528 0 7.20896
43.2 0.17408 0 0.48128 2.29376 0 7.20896
43.25 0.14336 0 0.41984 2.62144 0 7.3728
43.3 0.16384 0 0.49152 2.29376 0 7.53664
43.35 0.14336 0 0.41984 2.62144 0 7.3728
43.4 0.16384 0 0.47104 2.29376 0 7.70048
43.45 0.14336 0 0.4608 2.78528 0 7.20896
43.5 0.17408 0 0.47104 2.4576 0 7.53664
43.55 0.1536 0 0.4608 3.11296 0 6.88128
43.6 0.19456 0 0.47104 2.29376 0 7.70048
43.65 0.14336 0 0.4608 2.94912 0 7.04512
43.7 0.18432 0 0.44032 2.4576 0 7.53664
43.75 0.1536 0 0.47104 2.78528 0 7.20896
43.8 0.17408 0 0.45056 2.4576 0 7.53664
43.85 0.1536 0 0.4608 2.78528 0 7.20896
43.9 0.17408 0 0.45056 2.94912 0 7.04512
43.95 0.18432 0 0.47104 2.4576 0 7.53664
44 0.1536 0 0.45056 2.78528 0 7.20896
44.05 0.17408 0 0.44032 2.62144 0 7.53664
44.1 0.16384 0 0.47104 3.11296 0 6.88128
44.15 0.19456 0 0.44032 2.62144 0 7.3728
44.2 0.16384 0 0.4608 2.62144 0 7.3728
44.25 0.16384 0 0.44032 2.94912 0 7.04512
44.3 0.18432 0 0.45056 2.62144 0 7.3728
44.35 0.16384 0 0.4608 3.11296 0 6.88128
44.4 0.19456 0 0.44032 2.62144 0 7.3728
44.45 0.16384 0 0.4608 2.62144 0 7.3728
44.5 0.16384 0 0.44032 2.94912 0 7.04512
44.55 0.18432 0 0.44032 2.78528 0 7.20896
44.6 0.17408 0 0.4608 2.94912 0 7.04512
44.65 0.18432 0 0.44032 2.94912 0 7.04512
44.7 0.18432 0 0.4608 2.78528 0 7.20896
44.75 0.17408 0 0.44032 2.94912 0 7.04512
44.8 0.18432 0 0.44032 2.62144 0 7.3728
44.85 0.16384 0 0.45056 2.78528 0 7.20896
44.9 0.17408 0 0.41984 2.94912 0 7.04512
44.95 0.18432 0 0.4608 2.78528 0 7.20896
45 0.17408 0 0.45056 3.11296 0 6.88128
45.05 0.19456 0 0.43008 3.11296 0 6.88128
45.1 0.19456 0 0.44032 2.62144 0 6.88128
45.15 0.16384 0 0.45056 3.11296 0 6.88128
45.2 0.19456 0 0.43008 2.78528 0 7.20896
45.25 0.17408 0 0.4608 2.78528 0 7.20896
45.3 0.17408 0 0.44032 3.11296 0 6.88128
45.35 0.19456 0 0.43008 2.78528 0 7.20896
45.4 0.17408 0 0.45056 2.78528 0 7.20896
45.45 0.17408 0 0.41984 3.2768 0 6.88128
45.5 0.2048 0 0.45056 2.62144 0 7.3728
45.55 0.16384 0 0.43008 3.11296 0 6.88128
45.6 0.19456 0 0.43008 2.94912 0 7.04512
45.65 0.18432 0 0.44032 2.94912 0 7.04512
45.7 0.17408 0 0.45056 2.94912 0 7.04512
45.75 0.19456 0 0.41984 3.11296 0 6.88128
45.8 0.19456 0 0.45056 2.94912 0 7.04512
45.85 0.17408 0 0.44032 3.11296 0 6.88128
45.9 0.19456 0 0.43008 2.94912 0 7.04512
45.95 0.19456 0 0.44032 2.94912 0 7.04512
46 0.18432 0 0.43008 3.11296 0 6.88128
46.05 0.19456 0 0.44032 2.94912 0 7.04512
46.1 0.18432 0 0.43008 2.94912 0 7.04512
46.15 0.18432 0 0.44032 3.2768 0 6.71744
46.2 0.2048 0 0.43008 2.94912 0 7.04512
46.25 0.18432 0 0.44032 2.94912 0 7.04512
46.3 0.18432 0 0.43008 3.11296 0 6.88128
46.35 0.19456 0 0.44032 3.11296 0 6.88128
46.4 0.19456 0 0.43008 2.94912 0 7.04512
46.45 0.18432 0 0.44032 3.11296 0 6.88128
46.5 0.19456 0 0.43008 3.11296 0 6.88128
46.55 0.19456 0 0.44032 3.11296 0 6.88128
46.6 0.19456 0 0.43008 3.11296 0 6.88128
46.65 0.19456 0 0.43008 3.2768 0 6.71744
46.7 0.2048 0 0.44032 2.78528 0 7.20896
46.75 0.17408 0 0.43008 3.2768 0 6.71744
46.8 0.2048 0 0.41984 3.11296 0 6.88128
46.85 0.19456 0 0.44032 3.11296 0 6.88128
46.9 0.19456 0 0.43008 3.11296 0 7.04512
46.95 0.19456 0 0.43008 3.11296 0 6.88128
47 0.19456 0 0.41984 3.11296 0 6.88128
47.05 0.18432 0 0.44032 3.11296 0 6.88128
47.1 0.2048 0 0.41984 3.2768 0 6.71744
47.15 0.2048 0 0.43008 2.94912 0 7.04512
47.2 0.18432 0 0.43008 3.11296 0 6.88128
47.25 0.19456 0 0.43008 3.44064 0 6.5536
47.3 0.21504 0 0.41984 2.94912 0 7.04512
47.35 0.18432 0 0.44032 3.11296 0 6.88128
47.4 0.19456 0 0.41984 3.11296 0 6.88128
47.45 0.19456 0 0.4096 3.2768 0 6.71744
47.5 0.2048 0 0.44032 3.2768 0 6.71744
47.55 0.2048 0 0.44032 3.11296 0 6.88128
47.6 0.19456 0 0.41984 3.2768 0 6.71744
47.65 0.2048 0 0.41984 2.94912 0 7.04512
47.7 0.18432 0 0.43008 3.11296 0 6.88128
47.75 0.19456 0 0.41984 3.60448 0 6.38976
47.8 0.22528 0 0.41984 2.94912 0 7.04512
47.85 0.18432 0 0.44032 3.11296 0 6.88128
47.9 0.19456 0 0.43008 3.11296 0 6.88128
47.95 0.19456 0 0.39936 3.44064 0 6.5536
48 0.21504 0 0.44032 2.94912 0 7.04512
48.05 0.18432 0 0.43008 3.44064 0 6.5536
48.1 0.21504 0 0.43008 3.44064 0 6.5536
48.15 0.21504 0 0.41984 2.94912 0 7.04512
48.2 0.18432 0 0.43008 3.11296 0 6.88128
48.25 0.19456 0 0.4096 3.2768 0 6.71744
48.3 0.2048 0 0.4096 3.2768 0 6.88128
48.35 0.2048 0 0.43008 3.2768 0 6.71744
48.4 0.19456 0 0.43008 3.2768 0 6.71744
48.45 0.21504 0 0.41984 3.60448 0 6.38976
48.5 0.21504 0 0.41984 2.94912 0 7.04512
48.55 0.19456 0 0.44032 3.11296 0 6.88128
48.6 0.19456 0 0.41984 3.2768 0 6.71744
48.65 0.2048 0 0.4096 3.2768 0 6.71744
48.7 0.2048 0 0.4096 3.11296 0 6.88128
48.75 0.18432 0 0.43008 3.2768 0 6.71744
48.8 0.21504 0 0.41984 3.44064 0 6.5536
48.85 0.21504 0 0.4096 3.2768 0 6.71744
48.9 0.2048 0 0.44032 3.44064 0 6.5536
48.95 0.21504 0 0.41984 3.11296 0 6.88128
49 0.19456 0 0.41984 3.44064 0 6.5536
49.05 0.21504 0 0.41984 3.11296 0 6.88128
49.1 0.19456 0 0.41984 3.11296 0 6.88128
49.15 0.19456 0 0.43008 3.2768 0 6.71744
49.2 0.2048 0 0.39936 3.44064 0 6.5536
49.25 0.21504 0 0.41984 3.11296 0 6.88128
49.3 0.19456 0 0.41984 3.2768 0 6.71744
49.35 0.2048 0 0.4096 3.44064 0 6.5536
49.4 0.21504 0 0.4096 3.2768 0 6.71744
49.45 0.2048 0 0.44032 3.2768 0 6.71744
49.5 0.2048 0 0.41984 3.44064 0 6.5536
49.55 0.21504 0 0.41984 3.60448 0 6.38976
49.6 0.22528 0 0.4096 3.11296 0 6.88128
49.65 0.19456 0 0.43008 3.2768 0 6.71744
49.7 0.2048 0 0.41984 3.2768 0 6.71744
49.75 0.2048 0 0.41984 3.60448 0 6.5536
49.8 0.22528 0 0.4096 3.11296 0 6.88128
49.85 0.19456 0 0.41984 3.2768 0 6.71744
49.9 0.2048 0 0.41984 3.44064 0 6.5536
49.95 0.2048 0 0.39936 3.44064 0 6.5536
50 0.22528 0 0.43008 3.11296 0 6.88128
50.05 0.18432 0 0.41984 3.2768 0 6.71744
50.1 0.12288 0 0.39936 3.44064 0 6.5536
50.15 0.17408 0 0.4096 2.62144 0 5.07904
50.2 0.07168 0 0.3584 1.6384 0 8.35584
50.25 0.32768 0 0.54272 4.096 0 5.89824
50.3 0.256 0 0.31744 3.60448 0 6.38976
50.35 0.22528 0 0.23552 3.93216 0 0.32768
50.4 0.24576 0 0.03072 0 0 0.16384
50.45 0 0 0 2.94912 0 0
50.5 0.18432 0 0 0 0 0
50.55 0 0 0 0 0 0
50.6 0 0 0 0 0 0
50.65 0 0 0.01024 0 0 0.16384
50.7 0 0 0 0 0 0.32768
50.75 0 0 0.02048 0 0 0.65536
50.8 0 0 0.04096 0 0 0
50.85 0 0 0.08192 0 0 1.31072
50.9 0 0 0.04096 0 0 2.62144
50.95 0 0 0.12288 0 0 4.25984
51 0 0 0.27648 0 0 1.96608
51.05 0 0 0.28672 0 0 2.78528
51.1 0 0 0.2048 0 0 4.75136
51.15 0 0 0.14336 0.16384 0 4.9152
51.2 0.01024 0 0.256 0 0 4.42368
51.25 0 0 0.31744 0 0 2.62144
51.3 0 0 0.32768 0.32768 0 3.2768
51.35 0.02048 0 0.19456 0 0 5.40672
51.4 0 0 0.2048 0.65536 0 5.57056
51.45 0.04096 0 0.28672 0 0 4.25984
51.5 0 0 0.3584 1.31072 0 3.60448
51.55 0.08192 0 0.3584 0 0 3.76832
51.6 0 0 0.17408 2.62144 0 6.06208
51.65 0.16384 0 0.28672 0 0 4.75136
51.7 0 0 0.31744 3.11296 0 4.58752
51.75 0.19456 0 0.38912 0 0 4.75136
51.8 0 0 0.256 3.11296 0 5.07904
51.85 0.19456 0 0.3072 0.16384 0 5.89824
51.9 0.01024 0 0.32768 2.29376 0 5.07904
51.95 0.14336 0 0.37888 1.14688 0 5.57056
52 0.07168 0 0.32768 1.96608 0 5.40672
52.05 0.12288 0 0.33792 1.6384 0 5.89824
52.1 0.1024 0 0.3584 1.47456 0 5.57056
52.15 0.09216 0 0.34816 2.29376 0 6.06208
52.2 0.14336 0 0.39936 0.8192 0 5.89824
52.25 0.0512 0 0.34816 3.11296 0 6.06208
52.3 0.19456 0 0.38912 0.49152 0 6.06208
52.35 0.03072 0 0.37888 3.60448 0 6.38976
52.4 0.22528 0 0.41984 0.16384 0 5.89824
52.45 0.01024 0 0.36864 3.93216 0 6.06208
52.5 0.24576 0 0.4096 0.16384 0 7.04512
52.55 0.01024 0 0.39936 3.2768 0 6.22592
52.6 0.2048 0 0.4096 1.14688 0 6.88128
52.65 0.07168 0 0.41984 2.78528 0 6.5536
52.7 0.17408 0 0.38912 1.80224 0 7.04512
52.75 0.11264 0 0.4608 2.4576 0 6.5536
52.8 0.1536 0 0.4096 2.29376 0 7.20896
52.85 0.14336 0 0.48128 2.29376 0 6.88128
52.9 0.14336 0 0.41984 2.62144 0 7.3728
52.95 0.16384 0 0.47104 2.12992 0 7.20896
53 0.13312 0 0.44032 2.62144 0 7.3728
53.05 0.16384 0 0.48128 1.96608 0 7.70048
53.1 0.12288 0 0.44032 2.78528 0 7.20896
53.15 0.17408 0 0.48128 1.96608 0 8.02816
53.2 0.12288 0 0.45056 2.78528 0 7.20896
53.25 0.17408 0 0.48128 2.29376 0 7.70048
53.3 0.14336 0 0.48128 2.78528 0 7.20896
53.35 0.17408 0 0.4608 2.4576 0 7.53664
53.4 0.1536 0 0.48128 2.78528 0 7.20896
53.45 0.17408 0 0.45056 2.29376 0 7.70048
53.5 0.14336 0 0.47104 2.62144 0 7.3728
53.55 0.16384 0 0.45056 2.4576 0 7.53664
53.6 0.1536 0 0.48128 2.4576 0 7.53664
53.65 0.1536 0 0.44032 2.78528 0 7.20896
53.7 0.17408 0 0.49152 2.62144 0 7.3728
53.75 0.16384 0 0.4608 2.78528 0 7.20896
53.8 0.17408 0 0.45056 2.29376 0 7.70048
53.85 0.14336 0 0.4608 2.94912 0 7.04512
53.9 0.18432 0 0.45056 2.62144 0 7.3728
53.95 0.16384 0 0.48128 2.4576 0 7.53664
54 0.1536 0 0.44032 2.94912 0 7.20896
54.05 0.17408 0 0.4608 2.4576 0 7.53664
54.1 0.16384 0 0.4608 2.94912 0 7.04512
54.15 0.18432 0 0.45056 2.4576 0 7.53664
54.2 0.1536 0 0.47104 2.62144 0 7.3728
54.25 0.16384 0 0.44032 2.94912 0 7.04512
54.3 0.18432 0 0.45056 2.4576 0 7.53664
54.35 0.1536 0 0.4608 3.2768 0 6.71744
54.4 0.2048 0 0.45056 2.4576 0 7.53664
54.45 0.1536 0 0.47104 2.62144 0 7.3728
54.5 0.16384 0 0.45056 2.94912 0 7.04512
54.55 0.18432 0 0.44032 2.4576 0 7.53664
54.6 0.1536 0 0.44032 2.78528 0 7.20896
54.65 0.17408 0 0.44032 2.94912 0 7.04512
54.7 0.18432 0 0.47104 2.94912 0 7.04512
54.75 0.18432 0 0.45056 3.11296 0 6.88128
54.8 0.19456 0 0.45056 2.4576 0 7.53664
54.85 0.1536 0 0.4608 2.78528 0 7.20896
54.9 0.17408 0 0.45056 2.94912 0 7.04512
54.95 0.18432 0 0.44032 2.62144 0 7.3728
55 0.16384 0 0.45056 2.78528 0 7.20896
55.05 0.17408 0 0.43008 2.94912 0 7.04512
55.1 0.18432 0 0.43008 2.4576 0 6.88128
55.15 0.1536 0 0.44032 2.78528 0 7.20896
55.2 0.17408 0 0.43008 3.11296 0 6.88128
55.25 0.19456 0 0.4608 2.62144 0 7.3728
55.3 0.16384 0 0.45056 3.2768 0 6.71744
55.35 0.2048 0 0.43008 2.78528 0 7.20896
55.4 0.17408 0 0.4608 2.78528 0 7.20896
55.45 0.17408 0 0.44032 3.11296 0 7.04512
55.5 0.19456 0 0.43008 2.78528 0 7.20896
55.55 0.16384 0 0.4608 3.11296 0 6.88128
55.6 0.19456 0 0.44032 2.94912 0 7.04512
55.65 0.19456 0 0.43008 2.78528 0 7.20896
55.7 0.17408 0 0.4608 2.94912 0 7.04512
55.75 0.18432 0 0.44032 2.94912 0 7.04512
55.8 0.18432 0 0.43008 2.94912 0 7.04512
55.85 0.18432 0 0.45056 2.94912 0 7.04512
55.9 0.18432 0 0.44032 2.94912 0 7.04512
55.95 0.18432 0 0.43008 2.94912 0 7.04512
56 0.18432 0 0.45056 2.94912 0 7.04512
56.05 0.18432 0 0.43008 3.11296 0 6.88128
56.1 0.19456 0 0.43008 2.94912 0 7.04512
56.15 0.18432 0 0.45056 2.94912 0 7.04512
56.2 0.18432 0 0.43008 2.94912 0 7.04512
56.25 0.18432 0 0.43008 2.94912 0 7.04512
56.3 0.18432 0 0.45056 3.11296 0 6.88128
56.35 0.19456 0 0.44032 2.94912 0 7.04512
56.4 0.18432 0 0.41984 2.78528 0 7.20896
56.45 0.17408 0 0.45056 3.2768 0 6.71744
56.5 0.2048 0 0.43008 3.11296 0 6.88128
56.55 0.19456 0 0.44032 2.78528 0 7.20896
56.6 0.17408 0 0.44032 2.94912 0 7.04512
56.65 0.18432 0 0.43008 3.44064 0 6.5536
56.7 0.21504 0 0.43008 2.78528 0 7.20896
56.75 0.17408 0 0.45056 2.94912 0 7.04512
56.8 0.18432 0 0.41984 3.11296 0 6.88128
56.85 0.19456 0 0.43008 3.2768 0 6.88128
56.9 0.2048 0 0.45056 2.94912 0 7.04512
56.95 0.18432 0 0.43008 2.94912 0 7.04512
57 0.18432 0 0.41984 3.2768 0 6.71744
57.05 0.19456 0 0.44032 3.11296 0 6.88128
57.1 0.2048 0 0.44032 3.11296 0 6.88128
57.15 0.18432 0 0.43008 3.11296 0 6.88128
57.2 0.2048 0 0.4096 2.78528 0 7.20896
57.25 0.17408 0 0.44032 3.11296 0 6.88128
57.3 0.19456 0 0.44032 3.60448 0 6.38976
57.35 0.22528 0 0.41984 2.78528 0 7.20896
57.4 0.17408 0 0.44032 2.94912 0 7.04512
57.45 0.18432 0 0.43008 3.11296 0 6.88128
57.5 0.19456 0 0.4096 3.2768 0 6.71744
57.55 0.2048 0 0.44032 3.2768 0 6.71744
57.6 0.2048 0 0.45056 2.94912 0 7.04512
57.65 0.18432 0 0.41984 3.2768 0 6.71744
57.7 0.2048 0 0.41984 2.94912 0 7.04512
57.75 0.18432 0 0.41984 2.94912 0 7.04512
57.8 0.18432 0 0.43008 3.2768 0 6.71744
57.85 0.2048 0 0.41984 3.44064 0 6.5536
57.9 0.21504 0 0.45056 2.94912 0 7.04512
57.95 0.18432 0 0.43008 3.2768 0 6.71744
58 0.2048 0 0.43008 3.2768 0 6.71744
58.05 0.2048 0 0.41984 2.78528 0 7.20896
58.1 0.17408 0 0.41984 3.11296 0 6.88128
58.15 0.19456 0 0.43008 3.2768 0 6.71744
58.2 0.2048 0 0.41984 3.44064 0 6.5536
58.25 0.21504 0 0.45056 3.11296 0 6.88128
58.3 0.19456 0 0.43008 3.2768 0 6.88128
58.35 0.19456 0 0.41984 3.2768 0 6.71744
58.4 0.21504 0 0.41984 2.78528 0 7.20896
58.45 0.17408 0 0.41984 3.11296 0 6.88128
58.5 0.19456 0 0.4096 3.2768 0 6.71744
58.55 0.2048 0 0.41984 3.2768 0 6.71744
58.6 0.2048 0 0.44032 3.2768 0 6.71744
58.65 0.2048 0 0.44032 3.44064 0 6.5536
58.7 0.2048 0 0.41984 3.2768 0 6.71744
58.75 0.21504 0 0.41984 3.11296 0 6.88128
58.8 0.19456 0 0.43008 2.94912 0 7.04512
58.85 0.18432 0 0.43008 3.2768 0 6.71744
58.9 0.2048 0 0.4096 3.2768 0 6.71744
58.95 0.2048 0 0.41984 3.11296 0 6.88128
59 0.19456 0 0.41984 3.11296 0 6.88128
59.05 0.19456 0 0.41984 3.2768 0 6.71744
59.1 0.2048 0 0.4096 3.2768 0 6.71744
59.15 0.2048 0 0.44032 3.2768 0 6.71744
59.2 0.2048 0 0.41984 3.44064 0 6.5536
59.25 0.21504 0 0.43008 3.2768 0 6.71744
59.3 0.2048 0 0.4096 3.2768 0 6.71744
59.35 0.2048 0 0.44032 3.11296 0 6.88128
59.4 0.19456 0 0.43008 3.44064 0 6.5536
59.45 0.21504 0 0.41984 3.44064 0 6.5536
59.5 0.21504 0 0.4096 2.94912 0 7.04512
59.55 0.18432 0 0.43008 3.2768 0 6.71744
59.6 0.2048 0 0.41984 3.2768 0 6.71744
59.65 0.2048 0 0.39936 3.2768 0 6.71744
59.7 0.2048 0 0.44032 3.11296 0 7.04512
59.75 0.19456 0 0.41984 3.2768 0 6.71744
59.8 0.2048 0 0.4096 3.2768 0 6.71744
59.85 0.2048 0 0.4096 3.44064 0 6.5536
59.9 0.21504 0 0.43008 3.11296 0 6.88128
59.95 0.19456 0 0.41984 3.2768 0 6.71744
60 0.19456 0 0.4096 3.44064 0 6.5536
60.05 0.21504 0 0.41984 3.2768 0 6.71744
60.1 0.14336 0 0.41984 3.2768 0 6.71744
60.15 0.0512 0 0.4096 1.6384 0 5.24288
60.2 0.13312 0 0.36864 2.12992 0 7.04512
60.25 0.32768 0 0.39936 3.93216 0 6.06208
60.3 0.24576 0 0.38912 3.60448 0 6.38976
60.35 0.22528 0 0.26624 4.58752 0 0.32768
60.4 0.28672 0 0.01024 0.16384 0 0.16384
60.45 0.01024 0 0 1.80224 0 0
60.5 0.11264 0 0 0.16384 0 0
60.55 0.01024 0 0 0 0 0
60.6 0 0 0 0 0 0
60.65 0 0 0.01024 0 0 0.16384
60.7 0 0 0 0 0 0.32768
60.75 0 0 0.02048 0 0 0.65536
60.8 0 0 0.04096 0 0 0.65536
60.85 0 0 0.08192 0 0 0.65536
60.9 0 0 0.14336 0 0 2.62144
60.95 0 0 0.02048 0 0 4.75136
61 0 0 0.29696 0 0 3.2768
61.05 0 0 0.3072 0 0 2.4576
61.1 0 0 0.3072 0 0 4.25984
61.15 0 0 0.16384 0.16384 0 5.24288
61.2 0.01024 0 0.17408 0 0 5.40672
61.25 0 0 0.33792 0.32768 0 3.11296
61.3 0.02048 0 0.34816 0 0 3.44064
61.35 0 0 0.28672 0.65536 0 4.75136
61.4 0.04096 0 0.2048 0 0 5.89824
61.45 0 0 0.23552 0 0 5.7344
61.5 0 0 0.37888 1.31072 0 3.60448
61.55 0.08192 0 0.38912 0 0 4.096
61.6 0 0 0.21504 2.62144 0 5.24288
61.65 0.16384 0 0.31744 0 0 5.89824
61.7 0 0 0.27648 2.78528 0 4.58752
61.75 0.17408 0 0.41984 0 0 5.07904
61.8 0 0 0.28672 2.94912 0 5.40672
61.85 0.18432 0 0.3584 0 0 6.22592
61.9 0 0 0.33792 2.78528 0 4.9152
61.95 0.17408 0 0.34816 0.32768 0 6.38976
62 0.02048 0 0.36864 2.12992 0 5.57056
62.05 0.13312 0 0.36864 1.14688 0 6.06208
62.1 0.07168 0 0.3584 1.47456 0 5.89824
62.15 0.09216 0 0.36864 1.96608 0 5.89824
62.2 0.12288 0 0.43008 1.14688 0 6.38976
62.25 0.07168 0 0.3584 2.4576 0 6.38976
62.3 0.1536 0 0.41984 0.8192 0 6.38976
62.35 0.0512 0 0.38912 2.94912 0 6.5536
62.4 0.18432 0 0.43008 0.65536 0 6.38976
62.45 0.04096 0 0.39936 3.2768 0 6.71744
62.5 0.2048 0 0.43008 0.32768 0 6.88128
62.55 0.02048 0 0.41984 3.11296 0 6.71744
62.6 0.19456 0 0.44032 0.8192 0 7.20896
62.65 0.0512 0 0.41984 2.62144 0 7.04512
62.7 0.16384 0 0.43008 1.47456 0 7.3728
62.75 0.09216 0 0.4608 2.29376 0 6.88128
62.8 0.14336 0 0.43008 2.12992 0 7.70048
62.85 0.13312 0 0.49152 1.96608 0 6.88128
62.9 0.12288 0 0.45056 2.62144 0 7.3728
62.95 0.16384 0 0.48128 1.80224 0 7.53664
63 0.11264 0 0.4608 2.78528 0 7.20896
63.05 0.17408 0 0.48128 1.80224 0 8.192
63.1 0.11264 0 0.3584 2.94912 0 1.14688
63.15 0.18432 0 0 1.80224 0 0
63.2 0.11264 0 0 2.94912 0 0
63.25 0.18432 0 0 1.80224 0 0
63.3 0.11264 0 0 3.11296 0 0
63.35 0.19456 0 0 1.96608 0 0
63.4 0.12288 0 0 2.4576 0 0
63.45 0.1536 0 0 2.78528 0 0
63.5 0.17408 0 0 2.29376 0 0
63.55 0.14336 0 0 3.11296 0 0
63.6 0.19456 0 0 2.12992 0 0
63.65 0.13312 0 0 3.44064 0 0
63.7 0.21504 0 0 2.12992 0 0
63.75 0.13312 0 0 3.60448 0 0
63.8 0.22528 0 0 2.12992 0 0
63.85 0.13312 0 0 3.60448 0 0
63.9 0.22528 0 0 2.4576 0 0
63.95 0.1536 0 0 3.76832 0 0
64 0.23552 0 0 2.29376 0 0
64.05 0.14336 0 0 4.096 0 0
64.1 0.256 0 0 2.12992 0 0
64.15 0.13312 0 0 4.42368 0 0
64.2 0.27648 0 0 1.96608 0 0
64.25 0.12288 0 0 4.58752 0 0
64.3 0.28672 0 0 1.96608 0 0
64.35 0.12288 0 0 4.42368 0 0
64.4 0.26624 0 0 2.12992 0 0
64.45 0.14336 0 0 3.93216 0 0
64.5 0.23552 0 0 2.94912 0 0
64.55 0.19456 0 0 3.2768 0 0
64.6 0.19456 0 0 3.76832 0 0
64.65 0.24576 0 0 2.62144 0 0
64.7 0.16384 0 0 4.58752 0 0
64.75 0.28672 0 0 2.12992 0 0
64.8 0.13312 0 0 5.07904 0 0
64.85 0.31744 0 0 2.29376 0 0
64.9 0.14336 0 0 5.24288 0 0
64.95 0.32768 0 0 2.12992 0 0
65 0.13312 0 0 5.57056 0 0
65.05 0.34816 0 0 2.12992 0 0
65.1 0.13312 0 0 5.7344 0 0
65.15 0.3584 0 0 2.29376 0 0
65.2 0.14336 0 0 5.7344 0 0
65.25 0.3584 0 0 2.29376 0 0
65.3 0.14336 0 0 6.06208 0 0
65.35 0.37888 0 0 2.12992 0 0
65.4 0.13312 0 0 5.7344 0 0
65.45 0.34816 0 0 2.62144 0 0
65.5 0.17408 0 0 5.07904 0 0
65.55 0.3072 0 0 3.44064 0 0
65.6 0.22528 0 0 4.42368 0 0
65.65 0.26624 0 0 4.25984 0 0
65.7 0.27648 0 0 3.76832 0 0
65.75 0.22528 0 0 4.9152 0 0
65.8 0.31744 0 0 3.2768 0 0
65.85 0.19456 0 0 5.7344 0 0
65.9 0.36864 0 0 2.62144 0 0
65.95 0.16384 0 0 6.5536 0 0
66 0.4096 0 0 2.29376 0 0
66.05 0.14336 0 0 7.04512 0 0
66.1 0.44032 0 0 2.12992 0 0
66.15 0.13312 0 0 7.3728 0 0
66.2 0.4608 0 0 2.12992 0 0
66.25 0.13312 0 0 7.53664 0 0
66.3 0.47104 0 0 2.12992 0 0
66.35 0.13312 0 0 7.53664 0 0
66.4 0.47104 0 0 2.29376 0 0
66.45 0.14336 0 0 7.20896 0 0
66.5 0.45056 0 0 2.78528 0 0
66.55 0.17408 0 0 6.5536 0 0
66.6 0.4096 0 0 3.60448 0 0
66.65 0.22528 0 0 5.89824 0 0
66.7 0.36864 0 0 4.42368 0 0
66.75 0.27648 0 0 5.24288 0 0
66.8 0.32768 0 0 5.24288 0 0
66.85 0.32768 0 0 4.58752 0 0
66.9 0.28672 0 0 6.06208 0 0
66.95 0.37888 0 0 3.93216 0 0
67 0.24576 0 0 6.88128 0 0
67.05 0.43008 0 0 3.2768 0 0
67.1 0.2048 0 0 7.53664 0 0
67.15 0.47104 0 0 2.78528 0 0
67.2 0.17408 0 0 8.35584 0 0
67.25 0.52224 0 0 2.29376 0 0
67.3 0.14336 0 0 9.0112 0 0
67.35 0.5632 0 0 2.29376 0 0
67.4 0.14336 0 0 9.17504 0 0
67.45 0.57344 0 0 2.12992 0 0
67.5 0.13312 0 0 8.84736 0 0
67.55 0.54272 0 0 2.78528 0 0
67.6 0.18432 0 0 8.192 0 0
67.65 0.50176 0 0 3.60448 0 0
67.7 0.23552 0 0 7.53664 0 0
67.75 0.4608 0 0 4.58752 0 0
67.8 0.29696 0 0 6.71744 0 0
67.85 0.4096 0 0 5.40672 0 0
67.9 0.34816 0 0 6.06208 0 0
67.95 0.36864 0 0 6.22592 0 0
68 0.39936 0 0 5.40672 0 0
68.05 0.32768 0 0 7.04512 0 0
68.1 0.45056 0 0 4.75136 0 0
68.15 0.28672 0 0 7.86432 0 0
68.2 0.50176 0 0 4.096 0 0
68.25 0.256 0 0 8.51968 0 0
68.3 0.53248 0 0 3.60448 0 0
68.35 0.22528 0 0 9.33888 0 0
68.4 0.58368 0 0 2.94912 0 0
68.45 0.18432 0 0 9.99424 0 0
68.5 0.62464 0 0 2.4576 0 0
68.55 0.1536 0 0 9.99424 0 0
68.6 0.62464 0 0 3.11296 0 0
68.65 0.19456 0 0 9.50272 0 0
68.7 0.59392 0 0 3.93216 0 0
68.75 0.24576 0 0 8.84736 0 0
68.8 0.55296 0 0 4.58752 0 0
68.85 0.28672 0 0 8.35584 0 0
68.9 0.52224 0 0 5.40672 0 0
68.95 0.33792 0 0 7.70048 0 0
69 0.48128 0 0 6.38976 0 0
69.05 0.39936 0 0 6.88128 0 0
69.1 0.43008 0 0 7.20896 0 0
69.15 0.45056 0 0 6.22592 0 0
69.2 0.38912 0 0 8.02816 0 0
69.25 0.50176 0 0 5.57056 0 0
69.3 0.34816 0 0 8.84736 0 0
69.35 0.55296 0 0 4.9152 0 0
69.4 0.3072 0 0 9.66656 0 0
69.45 0.60416 0 0 4.25984 0 0
69.5 0.26624 0 0 9.99424 0 0
69.55 0.62464 0 0 4.096 0 0
69.6 0.256 0 0 9.99424 0 0
69.65 0.62464 0 0 4.25984 0 0
69.7 0.26624 0 0 9.99424 0 0
69.75 0.62464 0 0 4.42368 0 0
69.8 0.27648 0 0 10.1581 0 0
69.85 0.62464 0 0 4.9152 0 0
69.9 0.31744 0 0 9.66656 0 0
69.95 0.59392 0 0 5.57056 0 0
70 0.3584 0 0 9.17504 0 0
70.05 0.5632 0 0 6.38976 0 0
70.1 0.4096 0 0 7.86432 0 0
70.15 0.49152 0 0 7.86432 0 0
70.2 0.49152 0 0 7.3728 0 0
70.25 0.45056 0 0 8.51968 0 0
70.3 0.54272 0 0 6.71744 0 0
70.35 0.4096 0 0 9.33888 0 0
70.4 0.59392 0 0 6.06208 0 0
70.45 0.36864 0 0 9.99424 0 0
70.5 0.62464 0 0 5.7344 0 0
70.55 0.3584 0 0 9.8304 0 0
70.6 0.6144 0 0 5.89824 0 0
70.65 0.36864 0 0 9.8304 0 0
70.7 0.62464 0 0 6.22592 0 0
70.75 0.37888 0 0 9.66656 0 0
70.8 0.6144 0 0 6.38976 0 0
70.85 0.38912 0 0 9.66656 0 0
70.9 0.6144 0 0 6.5536 0 0
70.95 0.4096 0 0 9.66656 0 0
71 0.60416 0 0 6.88128 0 0
71.05 0.43008 0 0 9.50272 0 0
71.1 0.59392 0 0 7.20896 0 0
71.15 0.45056 0 0 9.33888 0 0
71.2 0.58368 0 0 8.02816 0 0
71.25 0.49152 0 0 8.68352 0 0
71.3 0.55296 0 0 8.68352 0 0
71.35 0.54272 0 0 8.192 0 0
71.4 0.512 0 0 9.50272 0 0
71.45 0.59392 0 0 7.53664 0 0
71.5 0.47104 0 0 9.99424 0 0
71.55 0.62464 0 0 7.20896 0 0
71.6 0.45056 0 0 9.99424 0 0
71.65 0.62464 0 0 7.3728 0 0
71.7 0.4608 0 0 9.99424 0 0
71.75 0.62464 0 0 7.70048 0 0
71.8 0.48128 0 0 9.8304 0 0
71.85 0.6144 0 0 7.86432 0 0
71.9 0.49152 0 0 9.8304 0 0
71.95 0.6144 0 0 8.192 0 0
72 0.512 0 0 9.66656 0 0
72.05 0.60416 0 0 8.35584 0 0
72.1 0.52224 0 0 9.66656 0 0
72.15 0.60416 0 0 8.51968 0 0
72.2 0.53248 0 0 9.66656 0 0
72.25 0.60416 0 0 8.84736 0 0
72.3 0.55296 0 0 9.66656 0 0
72.35 0.59392 0 0 9.0112 0 0
72.4 0.5632 0 0 9.50272 0 0
72.45 0.59392 0 0 9.66656 0 0
72.5 0.6144 0 0 9.0112 0 0
72.55 0.55296 0 0 9.99424 0 0
72.6 0.62464 0 0 8.84736 0 0
72.65 0.55296 0 0 9.99424 0 0
72.7 0.62464 0 0 9.0112 0 0
72.75 0.5632 0 0 9.99424 0 0
72.8 0.62464 0 0 9.17504 0 0
72.85 0.57344 0 0 9.99424 0 0
72.9 0.62464 0 0 9.33888 0 0
72.95 0.58368 0 0 9.99424 0 0
73 0.63488 0 0 9.50272 0 0
73.05 0.59392 0 0 9.99424 0 0
73.1 0.62464 0 0 9.8304 0 0
73.15 0.60416 0 0 9.8304 0 0
73.2 0.62464 0 0 9.99424 0 0
73.25 0.62464 0 0 9.8304 0 0
73.3 0.6144 0 0 9.99424 0 0
73.35 0.62464 0 0 9.99424 0 0
73.4 0.62464 0 0 9.99424 0 0
73.45 0.62464 0 0 9.99424 0 0
73.5 0.62464 0 0 9.99424 0 0
73.55 0.62464 0 0 9.99424 0 0
73.6 0.62464 0 0 9.99424 0 0
73.65 0.62464 0 0 9.99424 0 0
73.7 0.62464 0 0 9.99424 0 0
73.75 0.62464 0 0 9.99424 0 0
73.8 0.62464 0 0 9.99424 0 0
73.85 0.62464 0 0 9.99424 0 0
73.9 0.62464 0 0 9.99424 0 0
73.95 0.62464 0 0 9.99424 0 0
74 0.62464 0 0 9.99424 0 0
74.05 0.62464 0 0 9.99424 0 0
74.1 0.62464 0 0 10.1581 0 0
74.15 0.62464 0 0 9.99424 0 0
74.2 0.62464 0 0 9.99424 0 0
74.25 0.62464 0 0 9.99424 0 0
74.3 0.62464 0 0 9.99424 0 0
74.35 0.62464 0 0 9.99424 0 0
74.4 0.62464 0 0 9.99424 0 0
74.45 0.62464 0 0 9.99424 0 0
74.5 0.62464 0 0 9.99424 0 0
74.55 0.62464 0 0 9.99424 0 0
74.6 0.63488 0 0 9.99424 0 0
74.65 0.62464 0 0 9.99424 0 0
74.7 0.62464 0 0 9.99424 0 0
74.75 0.62464 0 0 9.99424 0 0
74.8 0.62464 0 0 9.99424 0 0
74.85 0.62464 0 0 9.99424 0 0
74.9 0.62464 0 0 8.192 0 0
