0 0 0 0 0 0 0 0 0 0
0.05 1.96608 2.29376 1.96608 1.47456 1.47456 2.12992 2.12992 1.47456 1.47456
0.1 0.16384 0 0.16384 0.49152 0.49152 0.16384 0.16384 0.49152 0.49152
0.15 0 0 0 0 0 0 0 0 0
0.2 0 0 0 0 0 0 0 0 0
0.25 0 0 0 0 0 0 0 0 0
0.3 0 0 0 0 0 0 0 0 0
0.35 0 0 0 0 0 0 0 0 0
0.4 0 0 0 0 0 0 0 0 0
0.45 0 0 0 0 0 0 0 0 0
0.5 0 0 0 0 0 0 0 0 0
0.55 0.16384 0.16384 0.16384 0 0.16384 0 0 0.16384 0
0.6 0.01024 0.01024 0.01024 0 0.01024 0 0 0.01024 0
0.65 0.49152 0.49152 0.49152 0 0.49152 0 0 0.49152 0
0.7 0.03072 0.03072 0.03072 0 0.03072 0 0 0.03072 0
0.75 0.98304 0.98304 0.98304 0 0.98304 0 0 0 0
0.8 0.06144 0.06144 0.06144 0 0 0 0 1.04448 0
0.85 1.96608 1.96608 0.98304 0 2.02752 0 0 0 0
0.9 0.0512 0.12288 1.10592 0 0 0 0 2.08896 0
0.95 4.00384 2.29376 0.16384 0 4.05504 0 0 0 0
1 0 1.76128 4.01408 0 0 0 0 4.17792 0
1.05 4.01408 1.59744 0 0 7.29088 0 0 0 0
1.1 4.096 6.46144 8.06912 0 0.8192 0 0 7.53664 0
1.15 3.44064 1.23904 0.28672 0 6.51264 0 0 0.8192 0
1.2 9.99424 10.025 8.67328 0 9.70752 0 0 6.66624 0
1.25 5.43744 5.53984 7.8336 0 5.4784 0 0 9.96352 0
1.3 10.455 10.3219 8.00768 0 12.544 0 0 5.87776 0
1.35 10.4653 10.5984 10.6189 0 12.4723 0 0 10.6189 0
1.4 10.6189 10.6189 10.6189 0 12.585 0 0 10.6189 0
1.45 10.6189 10.6189 10.7827 0 12.585 0 0 10.6189 0
1.5 10.6189 10.6189 10.6189 0 12.585 0 0 10.7827 0
1.55 10.6189 10.6189 10.6189 0 12.7488 0 0 10.6189 0
1.6 10.6291 10.6189 10.6189 0 12.585 0 0 10.6189 0
1.65 10.6189 10.6189 10.6189 0 12.585 0 0 10.6189 0
1.7 10.6189 10.6189 10.6189 0 12.585 0 0 10.6189 0
1.75 10.6189 10.6189 10.6189 0 12.7488 0 0 10.6189 0
1.8 10.6189 10.6189 10.6189 0 12.585 0 0 10.6189 0
1.85 10.6189 10.6189 10.6189 0 12.585 0 0 10.6189 0
1.9 10.6189 10.6189 10.6189 0 12.585 0 0 10.6291 0
1.95 10.6189 10.6189 10.6189 0 12.585 0 0 10.6189 0
2 10.6189 10.6189 10.6189 0 12.759 0 0 10.6189 0
2.05 10.6189 10.6189 10.6189 0 12.585 0 0 10.6189 0
2.1 10.6189 10.6189 10.6189 0 12.585 0 0 10.6189 0
2.15 10.6189 10.6189 10.6189 0 12.585 0 0 10.6189 0
2.2 10.6189 10.6189 10.6189 0 12.7488 0 0 10.6189 0
2.25 10.6189 10.6189 10.6291 0 12.585 0 0 10.6189 0
2.3 10.7827 10.6189 10.6189 0 12.585 0 0 10.6189 0
2.35 10.6189 10.6189 10.6189 0 10.6189 0 0 10.6189 0
2.4 10.6189 10.6189 10.6189 0 0.62464 0 0 10.6189 0
2.45 10.6189 10.6189 10.6189 0 0.62464 0 0 10.6189 0
2.5 1.28 3.57376 5.70368 0 0.62464 0 0 7.7824 0
2.55 0.32768 0.2048 0.07168 0 0.77824 0 0 0 0
2.6 0.32768 0.32768 0.32768 0 0 0 0 0.33792 0
2.65 0.02048 0.02048 0.02048 0 0.02048 0 0 0.01024 0
2.7 0.65536 0.65536 0.65536 0 0.65536 0 0 0.65536 0
2.75 0.04096 0.04096 0.04096 0 0.04096 0 0 0.04096 0
2.8 1.31072 1.31072 1.31072 0 1.31072 0 0 0.49152 0
2.85 0.08192 0.08192 0.08192 0 0.03072 0 0 0.90112 0
2.9 2.62144 2.62144 1.80224 0 2.67264 0 0 0 0
2.95 0.1024 0.16384 0.98304 0 0 0 0 2.78528 0
3 5.30432 3.2768 0.98304 0 5.40672 0 0 0 0
3.05 0.0512 2.1504 4.56704 0 0 0 0 5.57056 0
3.1 4.864 2.60096 0.34816 0 8.35584 0 0 0 0
3.15 5.89824 8.16128 10.2502 0 2.4576 0 0 8.40704 0
3.2 4.39296 2.16064 0.5632 0 7.54688 0 0 2.73408 0
3.25 10.025 10.0762 9.70752 0 12.2778 0 0 7.70048 0
3.3 10.5779 10.6189 10.6189 0 8.31488 0 0 10.6189 0
3.35 10.6189 10.6189 10.6189 0 12.7488 0 0 10.6189 0
3.4 10.6189 10.6189 10.6189 0 12.585 0 0 10.6189 0
3.45 10.6189 10.6189 10.6189 0 12.585 0 0 10.6189 0
3.5 10.6189 10.6189 10.6189 0 12.585 0 0 10.6189 0
3.55 10.6189 10.6189 10.6189 0 12.7488 0 0 10.6189 0
3.6 10.6189 10.6189 10.6189 0 12.585 0 0 10.6291 0
3.65 10.6189 10.6189 10.6189 0 12.585 0 0 10.6189 0
3.7 10.6189 10.6189 10.6189 0 12.5952 0 0 10.6189 0
3.75 10.6189 10.6189 10.6189 0 12.7488 0 0 10.6189 0
3.8 10.6189 10.6189 10.6189 0 11.7658 0 0 10.6189 0
3.85 10.6189 10.6189 10.6189 0 0.62464 0 0 10.6189 0
3.9 10.6189 10.6189 10.6189 0 0.62464 0 0 10.6189 0
3.95 2.42688 4.5568 6.69696 0 0.62464 0 0 8.81664 0
4 1.86368 0.26624 0.13312 0 4.28032 0 0 0.01024 0
4.05 2.4576 3.93216 4.00384 0 0.16384 0 0 4.12672 0
4.1 0.24576 0.24576 0.17408 0 0.24576 0 0 0.0512 0
4.15 0.16384 0.16384 0 0 0.16384 0 0 0 0
4.2 0 0.01024 0.17408 0 0 0 0 0.17408 0
4.25 0.33792 0.32768 0 0 0.33792 0 0 0 0
4.3 0 0.02048 0.34816 0 0 0 0 0.34816 0
4.35 0.67584 0.49152 0 0 0.67584 0 0 0 0
4.4 0 0.17408 0.69632 0 0 0 0 0.69632 0
4.45 1.35168 0.03072 0 0 1.35168 0 0 0 0
4.5 0 1.31072 1.39264 0 0 0 0 1.39264 0
4.55 1.2288 0.08192 0 0 2.70336 0 0 0 0
4.6 1.47456 2.62144 2.6624 0 0 0 0 2.78528 0
4.65 0.49152 0.16384 0.12288 0 3.11296 0 0 0 0
4.7 4.9152 5.24288 5.24288 0 2.29376 0 0 3.88096 0
4.75 0.32768 0.32768 0.32768 0 2.2016 0 0 1.6896 0
4.8 9.50272 7.3728 5.07904 0 8.61184 0 0 3.01056 0
4.85 1.29024 3.55328 5.96992 0 1.16736 0 0 8.13056 0
4.9 9.03168 6.76864 4.352 0 12.4314 0 0 2.14016 0
4.95 10.2502 10.3834 10.5062 0 8.16128 0 0 10.6189 0
5 10.6189 10.6189 10.7827 0 12.585 0 0 10.6189 0
5.05 11.2742 11.264 11.2435 1.31072 13.2403 1.31072 1.31072 11.2435 1.14688
5.1 10.5779 10.5882 10.6086 0 12.7078 0 0 10.7725 0.16384
5.15 10.6291 10.6189 10.6189 0 11.1104 0 0 10.6189 0
5.2 10.6189 10.6189 10.6189 0 10.6189 0 0 10.6189 0
5.25 10.6189 10.6189 10.6189 0 10.6189 0 0 10.6189 0
5.3 10.6189 10.6189 10.6189 0 10.7827 0 0 10.6189 0
5.35 10.6189 10.6189 10.6189 0 10.6189 0 0 10.6189 0
5.4 10.6189 10.6189 10.6189 0 10.7827 0 0 10.6189 0
5.45 10.6189 10.6189 10.6189 0 10.6189 0 0 10.6291 0
5.5 10.6189 10.6189 10.6189 0 10.6189 0 0 10.6189 0
5.55 10.6189 10.6189 10.6189 0 10.793 0 0 10.6189 0
5.6 10.6189 10.6189 10.6189 0 10.7827 0 0 10.6189 0
5.65 10.6189 10.6189 10.6189 0 10.6189 0 0 10.6189 0
5.7 10.6189 10.6189 10.6189 0 10.7827 0 0 10.6189 0
5.75 10.6189 10.6189 10.6189 0 10.6189 0 0 10.6189 0
5.8 10.6189 10.6189 10.6291 0 10.6189 0 0 10.6189 0
5.85 10.7827 10.6189 10.6189 0 10.7827 0 0 10.6189 0
5.9 10.6189 10.6189 10.6189 0 10.6189 0 0 10.6189 0
5.95 10.6189 10.6189 10.6189 0 10.6189 0 0 10.6189 0
6 10.6189 10.6189 10.6189 0 10.7827 0 0 10.6189 0
6.05 10.6189 10.6189 10.6189 0 10.6189 0 0 10.6189 0
6.1 10.6189 10.6189 10.6189 0 10.6189 0 0 10.6189 0
6.15 10.6189 10.7827 10.6189 0 10.7827 0 0 10.6189 0
6.2 10.6189 10.6291 10.6189 0 10.6189 0 0 10.6189 0
6.25 10.6189 10.6189 10.6189 0 10.7827 0 0 10.6189 0
6.3 10.6189 10.6189 10.6189 0 10.6189 0 0 10.6189 0
6.35 10.6189 10.6189 10.6189 0 10.6189 0 0 10.6189 0
6.4 10.6189 10.6189 10.6189 0 10.7827 0 0 10.6189 0
6.45 10.6189 10.6189 10.7827 0 10.6189 0 0 10.6189 0
6.5 10.6189 10.6189 10.6189 0 10.6189 0 0 10.7827 0
6.55 10.6189 10.6189 10.6189 0 10.7827 0 0 10.6189 0
6.6 10.6291 10.6189 10.6189 0 10.6189 0 0 10.6189 0
6.65 10.6189 10.6189 10.6189 0 10.6189 0 0 10.6189 0
6.7 10.6189 10.6189 10.6189 0 10.7827 0 0 10.6189 0
6.75 10.6189 10.6189 10.6189 0 10.6189 0 0 10.6189 0
6.8 10.6189 10.6189 10.6189 0 10.6189 0 0 10.6189 0
6.85 10.6189 10.6189 10.6189 0 10.7827 0 0 10.6291 0
6.9 10.6189 10.6189 10.6189 0 10.6189 0 0 10.6189 0
6.95 10.6189 10.6189 10.6189 0 10.6291 0 0 10.6189 0
7 10.6189 10.6189 10.6189 0 10.9466 0 0 10.6189 0
7.05 10.6189 10.6189 10.6189 0 10.6189 0 0 10.6189 0
7.1 10.6189 10.6189 10.6189 0 10.6189 0 0 10.6189 0
7.15 10.6189 10.6189 10.6189 0 10.7827 0 0 10.6189 0
7.2 10.6189 10.6189 10.6189 0 10.6189 0 0 10.6189 0
7.25 10.7827 10.6189 10.6291 0 10.6189 0 0 10.6189 0
7.3 10.6189 10.6189 10.6189 0 10.7827 0 0 10.6189 0
7.35 10.6189 10.6189 10.6189 0 10.6189 0 0 10.6189 0
7.4 10.6189 10.6189 10.6189 0 10.6189 0 0 10.6189 0
7.45 10.6189 10.6189 10.6189 0 10.7827 0 0 10.6189 0
7.5 10.6189 10.6189 10.6189 0 10.6189 0 0 10.6189 0
7.55 10.6189 10.7827 10.6189 0 10.6189 0 0 10.6189 0
7.6 10.6189 10.6189 10.6189 0 10.7827 0 0 10.6189 0
7.65 10.6189 10.6291 10.6189 0 10.6189 0 0 10.6189 0
7.7 10.6189 10.6189 10.6189 0 10.6189 0 0 10.6189 0
7.75 10.6189 10.6189 10.6189 0 10.7827 0 0 10.6189 0
7.8 10.6189 10.6189 10.6189 0 10.6189 0 0 10.6189 0
7.85 10.6189 10.6189 10.7827 0 10.6189 0 0 10.6189 0
7.9 10.6189 10.6189 10.6189 0 10.7827 0 0 10.7827 0
7.95 10.6189 10.6189 10.6189 0 10.6189 0 0 10.6189 0
8 10.6291 10.6189 10.6189 0 10.6189 0 0 10.6189 0
8.05 10.6189 10.6189 10.6189 0 10.7827 0 0 10.6189 0
8.1 10.6189 10.6189 10.6189 0 10.6189 0 0 10.6189 0
8.15 10.6189 10.6189 10.6189 0 10.6189 0 0 10.6189 0
8.2 10.6189 10.6189 10.6189 0 10.7827 0 0 10.6189 0
8.25 10.6189 10.6189 10.6189 0 10.6189 0 0 10.6189 0
8.3 10.6189 10.6189 10.6189 0 10.6189 0 0 10.6291 0
8.35 10.6189 10.6189 10.6189 0 10.7827 0 0 10.6189 0
8.4 10.6189 10.6189 10.6189 0 10.6291 0 0 10.6189 0
8.45 10.6189 10.6189 10.6189 0 10.7827 0 0 10.6189 0
8.5 10.6189 10.6189 10.6189 0 10.7827 0 0 10.6189 0
8.55 10.6189 10.6189 10.6189 0 10.6189 0 0 10.6189 0
8.6 10.6189 10.6189 10.6189 0 10.6189 0 0 10.6189 0
8.65 10.6189 10.6189 10.6291 0 10.7827 0 0 10.6189 0
8.7 10.7827 10.6189 10.6189 0 10.6189 0 0 10.6189 0
8.75 10.6189 10.6189 10.6189 0 10.6189 0 0 10.6189 0
8.8 10.6189 10.6189 10.6189 0 10.7827 0 0 10.6189 0
8.85 10.6189 10.6189 10.6189 0 10.6189 0 0 10.6189 0
8.9 10.6189 10.6189 10.6189 0 10.6189 0 0 10.6189 0
8.95 10.6189 10.6189 10.6189 0 10.6189 0 0 10.6189 0
9 10.6189 10.7827 10.6189 0 10.7827 0 0 10.6189 0
9.05 10.6189 10.6291 10.6189 0 10.6189 0 0 10.6189 0
9.1 10.6189 10.6189 10.6189 0 10.6189 0 0 10.6189 0
9.15 10.6189 10.6189 10.6189 0 10.7827 0 0 10.6189 0
9.2 10.6189 10.6189 10.6189 0 10.6189 0 0 10.6189 0
9.25 10.6189 10.6189 10.6189 0 10.6189 0 0 10.6189 0
9.3 10.6189 10.6189 10.7827 0 10.7827 0 0 10.6189 0
9.35 10.6189 10.6189 10.6189 0 10.6189 0 0 10.7827 0
9.4 10.6189 10.6189 10.6189 0 10.6189 0 0 10.6189 0
9.45 10.6291 10.6189 10.6189 0 10.7827 0 0 10.6189 0
9.5 10.6189 10.6189 10.6189 0 10.6189 0 0 10.6189 0
9.55 10.6189 10.6189 10.6189 0 10.6189 0 0 10.6189 0
9.6 10.6189 10.6189 10.6189 0 10.7827 0 0 10.6189 0
9.65 10.6189 10.6189 10.6189 0 10.6189 0 0 10.6189 0
9.7 10.6189 10.6189 10.6189 0 10.6189 0 0 10.6291 0
9.75 10.6189 10.6189 10.6189 0 10.6189 0 0 10.6189 0
9.8 10.6189 10.6189 10.6189 0 10.793 0 0 10.6189 0
9.85 10.6189 10.6189 10.6189 0 10.7827 0 0 10.6189 0
9.9 10.6189 10.6189 10.6189 0 10.6189 0 0 10.6189 0
9.95 10.6189 10.6189 10.6189 0 10.7827 0 0 10.6189 0
10 10.6189 10.6189 10.6189 0 10.6189 0 0 10.6189 0
10.05 10.9466 10.9363 10.9261 1.14688 11.1104 0.65536 0.65536 10.9261 0.65536
10.1 10.9261 10.7725 10.793 0 10.9261 0.50176 0.32768 10.6189 0.16384
10.15 10.6189 10.4448 10.4346 0.50176 10.6086 0 0 10.5984 0.16384
10.2 10.6086 10.6086 10.6189 0 10.281 0 0 10.6189 0
10.25 10.6496 10.1274 10.1171 0.3584 10.6189 0.52224 0 10.0966 0
10.3 10.5882 10.5882 10.5984 0.65536 10.2605 0 0 10.6189 0
10.35 10.6189 9.63584 10.1274 0 10.6189 1.024 0 10.6189 0
10.4 10.6496 10.7213 10.0659 2.02752 10.6189 0.02048 0 9.5744 0
10.45 10.5882 10.6291 10.6189 0 9.73824 0 0 10.6189 0
10.5 10.7213 8.6528 8.6528 0.04096 10.6189 2.08896 0 8.93952 0
10.55 10.5165 10.496 10.496 4.01408 10.025 0 0 10.2093 0
10.6 10.6189 10.2912 10.6189 0 9.28768 0.32768 0 10.6189 0
10.65 10.8237 7.0144 6.61504 2.43712 10.6189 3.85024 0 7.38304 0
10.7 10.4141 10.3731 10.6086 5.67296 8.45824 0 0 9.6768 0
10.75 10.6189 9.96352 10.6189 0 8.6016 0.65536 0 10.7827 0
10.8 10.8442 7.4752 6.7584 3.11296 10.7827 3.34848 0 6.85056 0
10.85 10.4038 10.4141 10.4755 4.6592 7.94624 0 0 10.3834 0
10.9 10.6189 9.472 10.6189 0 9.28768 1.15712 0 10.6189 0
10.95 10.8544 7.936 6.72768 4.12672 10.6189 2.84672 0 6.66624 0
11 10.3834 10.4448 10.5062 3.64544 7.76192 0 0 10.5677 0
11.05 10.6189 8.98048 10.1274 0 9.63584 1.67936 0 10.6189 0
11.1 10.8339 8.40704 7.18848 5.14048 10.6189 2.32448 0 6.64576 0
11.15 10.4038 10.4653 10.537 2.63168 7.10656 0 0 10.5984 0
11.2 10.6189 8.6528 9.63584 0 6.36928 2.02752 0 10.6189 0
11.25 10.8032 8.704 7.65952 5.96992 0.62464 1.97632 0 6.61504 0
11.3 10.4346 7.54688 9.73824 1.80224 4.48512 3.01056 0 10.6189 0
11.35 11.049 5.86752 3.61472 6.17472 10.6189 4.99712 0 2.6624 0
11.4 10.2707 6.87104 8.1408 9.37984 3.4304 3.584 0 9.58464 0
11.45 10.8237 5.00736 4.94592 9.02144 0.5632 5.74464 0 4.7104 0
11.5 10.7418 1.10592 2.08896 7.61856 0.27648 9.69728 0 3.01056 0
11.55 10.8954 0.06144 0 0.62464 0.17408 10.6189 0 0 0
11.6 1.08544 0 0 0.55296 0 3.25632 0 0 0
11.65 0.34816 0 0 0.32768 0 0.34816 0 0 0
11.7 0.65536 0 0 0.67584 0 0.67584 0 0 0
11.75 1.35168 0 0 1.35168 0 0.02048 0 0 0
11.8 0.08192 0 0 2.21184 0 1.39264 0 0 0
11.85 2.78528 0 0 0.58368 0 2.78528 0 0 0
11.9 5.30432 0 0 5.31456 0 5.09952 0 0 0
11.95 4.85376 0 0 8.51968 0 2.95936 0 0 0
12 8.56064 0 0 7.94624 0 8.6528 0 0 0
12.05 10.496 0 0 12.4621 0 10.496 0 0 0
12.1 10.6189 0 0 12.585 0 10.6189 0 0 0
12.15 10.6189 0 0 12.585 0.16384 10.6189 0 0 0
12.2 10.6086 0.16384 0.16384 10.7725 0 10.4448 0 0.17408 0
12.25 10.6291 0.01024 0.01024 10.7827 0.33792 10.6189 0 0 0
12.3 10.7827 0.16384 0 10.6189 0 10.455 0 0 0
12.35 10.5984 0.16384 0.34816 10.4346 0 10.5984 0 0.34816 0
12.4 10.6394 0.02048 0 10.6189 0.67584 10.6189 0 0 0
12.45 10.6189 0.65536 0 10.7827 0 9.95328 0 0 0
12.5 10.5779 0.04096 0.69632 9.92256 0 10.5882 0 0.69632 0
12.55 10.6598 0 0 10.7827 1.35168 10.6189 0 0 0
12.6 10.6189 1.31072 0.8192 10.6189 0 9.24672 0 0 0
12.65 10.5882 0.08192 0.57344 9.39008 0 10.5984 0 1.39264 0
12.7 10.6496 0 0 10.6189 2.70336 10.6291 0 0 0
12.75 10.5779 2.62144 1.47456 10.7827 0 7.89504 0 0.49152 0
12.8 10.5882 0.1536 1.31072 7.8336 0.03072 10.5574 0 2.29376 0
12.85 10.6906 0.01024 0 10.6189 5.376 10.6189 0 0 0
12.9 10.5472 3.2768 2.12992 10.7725 0 7.19872 0 0.98304 0
12.95 10.4858 2.16064 3.36896 6.20544 0.06144 8.46848 0 4.57728 0
13 10.8237 0.13312 0.07168 9.63584 8.78592 10.6189 0 0.01024 0
13.05 10.5267 3.76832 2.62144 10.6086 0.32768 6.67648 0 1.47456 0
13.1 10.4653 4.64896 5.20192 5.6832 0.08192 5.89824 0 5.4272 0
13.15 10.7827 0.93184 1.56672 6.32832 5.72416 9.8816 0 2.49856 0
13.2 10.711 1.6896 0.50176 10.6189 3.75808 8.93952 0 0 0
13.25 10.3629 4.51584 4.90496 7.936 0 5.89824 0 4.63872 0
13.3 10.7008 3.2256 3.36896 6.4512 3.70688 7.4752 0 3.6864 0
13.35 10.752 0.18432 0.80896 8.05888 4.15744 10.5882 0 1.24928 0
13.4 10.5165 3.9424 3.1232 10.3731 1.87392 6.49216 0 2.21184 0
13.45 10.5677 3.67616 3.71712 6.11328 1.28 6.95296 0 4.02432 0
13.5 10.6803 2.01728 2.65216 7.33184 4.33152 8.67328 0 2.79552 0
13.55 10.7418 1.76128 0.91136 9.41056 3.2768 8.91904 0 0.7168 0
13.6 10.4243 3.86048 4.07552 7.95648 1.024 6.6048 0 3.96288 0
13.65 10.6803 2.85696 3.328 6.98368 3.34848 7.81312 0 3.31776 0
13.7 10.8339 1.4848 1.80224 8.18176 3.47136 9.20576 0 2.27328 0
13.75 10.6086 3.19488 2.3552 9.54368 2.59072 7.51616 0 2.048 0
13.8 10.5472 3.13344 3.51232 6.62528 1.4336 7.31136 0 3.67616 0
13.85 10.6496 2.65216 2.79552 7.82336 3.81952 8.16128 0 2.78528 0
13.9 10.6803 1.78176 1.44384 8.36608 2.78528 8.89856 0 1.92512 0
13.95 10.5267 3.3792 3.40992 8.16128 2.4064 6.9632 0 2.78528 0
14 10.6394 3.00032 3.15392 7.48544 2.78528 7.82336 0 3.30752 0
14.05 10.6394 2.304 2.44736 7.8336 3.14368 8.3456 0 2.62144 0
14.1 10.6598 2.75456 2.27328 8.37632 3.10272 7.86432 0 1.75104 0
14.15 10.537 3.10272 3.2768 7.97696 1.90464 7.48544 0 3.46112 0
14.2 10.6598 2.64192 2.80576 7.48544 2.99008 7.99744 0 2.95936 0
14.25 10.6291 2.44736 2.29376 7.84384 3.1232 8.18176 0 2.4576 0
14.3 10.6086 2.92864 2.90816 8.69376 2.92864 7.66976 0 2.4064 0
14.35 10.5984 2.95936 2.9696 7.4752 1.9456 7.64928 0 3.31776 0
14.4 10.6496 2.79552 2.46784 7.50592 3.30752 7.85408 0 2.62144 0
14.45 10.6086 2.29376 2.78528 8.17152 2.93888 8.33536 0 2.60096 0
14.5 10.6189 3.09248 2.9184 8.33536 2.6112 7.48544 0 2.77504 0
14.55 10.6189 2.79552 2.80576 7.3216 2.62144 7.84384 0 2.9696 0
14.6 10.6394 2.95936 2.62144 8.18176 3.1232 7.68 0 2.6112 0
14.65 10.6086 2.4576 2.94912 7.8336 2.60096 8.15104 0 2.78528 0
14.7 10.6189 2.92864 2.77504 7.9872 2.79552 7.66976 0 2.94912 0
14.75 10.6189 2.79552 2.79552 7.8336 2.94912 7.8336 0 2.79552 0
14.8 10.6189 2.79552 2.77504 7.84384 2.79552 7.82336 0 2.44736 0
14.85 10.6189 2.62144 2.62144 7.99744 2.60096 8.00768 0 2.94912 0
14.9 10.5984 2.93888 2.95936 7.8336 3.1232 7.66976 0 2.95936 0
14.95 10.6394 2.95936 2.78528 7.8336 2.95936 7.66976 0 2.6112 0
15 10.6291 2.78528 3.10272 8.00768 2.6112 7.81312 0 2.78528 0
15.05 11.1002 3.60448 3.61472 9.28768 4.096 8.99072 0.98304 3.9424 0.98304
15.1 10.6086 2.94912 2.79552 7.66976 3.1232 7.66976 0 2.94912 0
15.15 10.9261 2.94912 2.94912 7.65952 2.79552 7.64928 0.32768 2.78528 0.32768
15.2 10.6086 2.93888 2.92864 7.82336 2.60096 7.81312 0 2.77504 0
15.25 10.6086 2.63168 2.79552 7.48544 2.62144 7.8336 0 2.95936 0
15.3 10.6086 2.94912 2.79552 7.8336 3.28704 7.82336 0 2.95936 0
15.35 10.6496 2.79552 2.63168 7.8336 2.95936 7.84384 0 2.6112 0
15.4 10.6086 3.10272 3.09248 8.17152 2.6112 7.48544 0 2.78528 0
15.45 10.6086 2.64192 2.9696 7.4752 2.78528 7.99744 0 3.13344 0
15.5 10.6189 2.78528 2.63168 7.66976 3.29728 7.84384 0 2.79552 0
15.55 10.6291 2.94912 2.78528 8.00768 2.78528 7.68 0 2.77504 0
15.6 10.6086 3.11296 2.93888 7.99744 2.78528 7.4752 0 2.78528 0
15.65 10.6086 2.64192 3.13344 7.4752 2.78528 7.99744 0 3.13344 0
15.7 10.6394 2.78528 2.78528 7.99744 3.29728 7.8336 0 2.94912 0
15.75 10.6189 2.77504 2.62144 7.8336 2.79552 7.84384 0 2.63168 0
15.8 10.5984 3.2768 2.95936 7.66976 2.77504 7.33184 0 2.94912 0
15.85 10.6189 2.816 3.29728 7.81312 2.79552 7.80288 0 3.13344 0
15.9 10.6291 2.62144 2.6112 0.4608 3.46112 7.99744 0 2.78528 0
15.95 10.6291 2.78528 2.78528 4.05504 2.78528 7.84384 0 2.79552 0
16 10.537 6.38976 5.59104 7.50592 2.78528 4.0448 0 3.92192 0
16.05 10.6496 2.83648 3.6352 2.05824 2.84672 7.95648 0 5.29408 0
16.1 10.6598 6.06208 4.42368 0.45056 6.37952 4.4544 0 2.79552 0
16.15 4.02432 5.75488 7.48544 0.09216 2.94912 0 0 9.20576 0
16.2 7.33184 5.60128 3.86048 0 8.89856 0 0 2.79552 0
16.25 4.80256 6.53312 8.27392 0 3.11296 0 0 9.17504 0
16.3 6.72768 4.99712 3.25632 0 8.40704 0 0 3.00032 0
16.35 5.5808 7.31136 9.05216 0 3.77856 0 0 9.14432 0
16.4 6.12352 4.38272 2.97984 0 8.07936 0 0 3.20512 0
16.45 6.37952 8.09984 9.50272 0 4.44416 0 0 8.45824 0
16.5 5.48864 3.7888 3.03104 0 7.38304 0 0 3.74784 0
16.55 7.2192 8.86784 9.29792 0 5.29408 0 0 8.0896 0
16.6 4.8128 3.1744 3.40992 0 6.54336 0 0 4.61824 0
16.65 7.89504 9.66656 8.6016 0 6.16448 0 0 7.39328 0
16.7 4.44416 3.05152 4.11648 0.16384 6.01088 0.16384 0 5.3248 0
16.75 9.25696 9.66656 8.07936 0.33792 7.18848 0.01024 0 6.8608 0
16.8 3.45088 3.35872 4.8128 0.34816 5.16096 0.34816 0 6.1952 0
16.85 10.3117 8.38656 6.89152 0.32768 7.89504 0.69632 0 5.50912 0
16.9 4.34176 4.75136 6.15424 1.35168 4.58752 1.3824 0 7.71072 0
16.95 9.7792 7.49568 6.4 2.70336 8.8064 0.50176 0 4.98688 0
17 6.76864 5.6832 6.87104 2.78528 3.90144 2.29376 0 7.63904 0
17.05 10.5677 4.096 3.92192 2.72384 7.65952 5.30432 0 4.05504 0
17.1 10.3834 7.44448 7.33184 6.4512 4.82304 2.80576 0 7.59808 0
17.15 10.8032 5.85728 5.49888 3.7376 6.67648 5.05856 0 4.608 0
17.2 10.5267 6.23616 6.21568 5.34528 5.8368 4.18816 0 6.73792 0
17.25 10.6598 5.61152 5.62176 4.34176 5.96992 5.05856 0 5.94944 0
17.3 10.5882 6.37952 6.25664 4.54656 6.57408 4.34176 0 5.74464 0
17.35 10.6291 5.62176 6.08256 4.70016 5.90848 5.0176 0 5.91872 0
17.4 10.6291 5.91872 5.7344 5.1712 5.91872 4.72064 0 6.25664 0
17.45 10.6189 6.23616 5.9392 4.70016 6.10304 4.37248 0 5.76512 0
17.5 10.6189 5.9392 5.92896 4.39296 6.23616 4.68992 0 5.7344 0
17.55 10.6086 5.75488 6.23616 5.19168 5.74464 4.85376 0 6.2464 0
17.6 10.6394 5.74464 5.74464 5.0176 5.77536 4.88448 0 5.91872 0
17.65 10.6086 5.90848 5.60128 4.52608 6.08256 4.7104 0 5.9392 0
17.7 10.6086 6.2464 6.0928 4.7104 6.2464 4.36224 0 5.5808 0
17.75 10.6394 5.77536 6.07232 4.73088 6.06208 4.864 0 5.72416 0
17.8 10.6086 5.5808 5.89824 5.35552 5.41696 5.0176 0 6.2464 0
17.85 10.6394 5.74464 5.5808 5.0176 5.77536 4.89472 0 5.91872 0
17.9 10.6086 5.7344 5.59104 4.52608 6.08256 4.88448 0 5.9392 0
17.95 10.6086 6.07232 5.75488 4.87424 6.23616 4.53632 0 5.41696 0
18 10.6394 5.92896 5.92896 4.5568 6.06208 4.7104 0 5.57056 0
18.05 10.6086 5.91872 6.07232 5.21216 5.57056 4.67968 0 5.7344 0
18.1 10.6291 5.59104 5.89824 5.03808 5.41696 5.03808 0 5.90848 0
18.15 10.6086 5.40672 5.72416 5.20192 5.91872 5.19168 0 6.07232 0
18.2 10.6291 5.7344 5.74464 5.19168 5.92896 4.88448 0 5.91872 0
18.25 10.6189 5.57056 5.41696 4.70016 5.91872 5.05856 0 5.76512 0
18.3 10.5984 5.89824 5.5808 5.03808 6.07232 4.72064 0 5.5808 0
18.35 10.6189 5.74464 5.60128 4.70016 5.7344 4.87424 0 5.59104 0
18.4 10.6394 5.90848 5.75488 5.05856 6.22592 4.7104 0 5.39648 0
18.45 10.7725 5.75488 5.75488 4.72064 5.39648 4.87424 0 5.7344 0
18.5 10.6189 5.74464 5.7344 5.04832 5.5808 4.87424 0 5.74464 0
18.55 10.6291 5.75488 5.7344 5.04832 5.74464 4.87424 0 5.57056 0
18.6 10.6189 5.90848 5.7344 5.376 5.57056 4.87424 0 5.72416 0
18.65 10.6394 5.41696 5.7344 4.864 5.5808 5.20192 0 5.59104 0
18.7 10.5984 5.57056 5.7344 5.38624 5.89824 4.87424 0 5.72416 0
18.75 10.6291 5.7344 5.7344 4.864 5.5808 5.04832 0 5.75488 0
18.8 10.6189 5.5808 5.5808 5.2224 6.07232 5.03808 0 5.72416 0
18.85 10.6291 5.57056 5.57056 5.02784 5.41696 5.05856 0 5.59104 0
18.9 10.6086 5.7344 5.74464 4.88448 5.7344 4.864 0 5.72416 0
18.95 10.6291 5.41696 5.57056 5.20192 5.74464 5.2224 0 5.59104 0
19 10.6086 5.72416 5.57056 5.05856 5.7344 4.88448 0 5.56032 0
19.05 10.6189 5.5808 5.74464 5.03808 5.40672 5.04832 0 5.74464 0
19.1 10.6189 5.57056 5.56032 5.21216 5.90848 5.03808 0 5.57056 0
19.15 10.6086 5.7344 5.59104 4.88448 5.72416 4.89472 0 5.7344 0
19.2 10.6291 5.41696 5.56032 5.20192 5.5808 5.20192 0 5.41696 0
19.25 10.6189 5.57056 5.57056 5.05856 5.7344 5.05856 0 5.72416 0
19.3 10.6291 5.888 5.41696 5.21216 5.57056 4.72064 0 5.57056 0
19.35 10.6086 5.25312 5.89824 5.02784 5.5808 5.36576 0 5.5808 0
19.4 10.6291 5.57056 5.39648 5.23264 5.888 5.05856 0 5.39648 0
19.45 10.6189 5.888 5.5808 5.03808 5.40672 4.72064 0 5.74464 0
19.5 10.6189 5.4272 5.57056 5.21216 5.5808 5.21216 0 5.40672 0
19.55 10.6189 5.39648 5.56032 5.04832 5.72416 5.20192 0 5.57056 0
19.6 10.6291 5.56032 5.4272 4.89472 5.7344 5.0688 0 5.57056 0
19.65 10.5882 5.7344 5.57056 5.21216 5.57056 4.87424 0 5.7344 0
19.7 10.6394 5.25312 5.38624 5.36576 5.74464 5.38624 0 5.5808 0
19.75 10.6086 5.56032 5.7344 5.21216 5.57056 5.04832 0 5.39648 0
19.8 10.6086 5.56032 5.5808 4.89472 5.56032 5.03808 0 5.7344 0
19.85 10.8032 5.57056 5.40672 5.38624 5.74464 5.0688 0 5.39648 0
19.9 10.5984 5.57056 5.55008 5.21216 5.23264 5.03808 0 5.57056 0
19.95 10.6394 5.57056 5.57056 5.21216 5.7344 5.04832 0 5.40672 0
20 10.6189 5.40672 5.57056 5.21216 5.72416 5.21216 0 5.40672 0
20.05 11.1206 6.54336 6.56384 6.20544 6.7072 6.20544 1.14688 6.54336 1.15712
20.1 10.7622 5.57056 6.21568 5.38624 5.40672 5.03808 0.82944 5.888 0.84992
20.15 10.5984 5.38624 6.2464 4.53632 5.40672 5.21216 1.01376 5.05856 0.32768
20.2 10.6086 5.56032 5.62176 5.53984 5.53984 5.05856 2.02752 5.56032 0.7168
20.25 10.6086 5.70368 7.64928 5.04832 5.40672 4.87424 0.09216 5.74464 2.08896
20.3 10.6394 5.28384 9.22624 5.05856 5.74464 5.40672 3.96288 4.20864 3.92192
20.35 10.5882 5.55008 8.21248 5.376 4.83328 5.03808 8.11008 5.91872 2.26304
20.4 10.5574 5.46816 10.5882 5.376 5.91872 5.05856 5.87776 4.29056 6.32832
20.45 10.6598 5.25312 10.7827 5.0688 3.36896 5.40672 10.7725 4.41344 6.20544
20.5 10.4755 4.93568 10.6189 5.21216 5.33504 5.53984 12.4006 2.9696 7.81312
20.55 10.5165 5.09952 10.6189 6.27712 3.11296 5.41696 12.4006 3.9936 6.62528
20.6 10.5472 4.1472 10.6189 5.21216 3.85024 6.41024 12.5338 2.79552 7.82336
20.65 10.5882 3.91168 10.6189 6.64576 3.11296 6.63552 12.4416 2.43712 8.18176
20.7 10.496 3.40992 10.6189 6.58432 2.43712 7.1168 12.4518 1.57696 9.04192
20.75 10.5574 2.88768 10.6189 7.65952 1.40288 7.65952 12.4826 1.05472 9.56416
20.8 10.5267 1.04448 10.6189 7.82336 0.06144 9.53344 12.6874 1.05472 9.56416
20.85 10.6598 0.01024 10.6189 9.96352 0.06144 10.6189 12.5747 0.34816 10.2707
20.9 10.6394 0.03072 10.6189 10.7827 0.02048 10.6189 12.5542 0.68608 9.94304
20.95 10.6598 0.03072 10.6189 10.6189 0.04096 10.6189 12.5542 0.01024 10.6086
21 10.6189 0 10.6189 10.7827 0 10.6189 12.7488 0 10.6189
21.05 10.6189 0 10.6189 10.7827 0 10.6189 12.585 0 10.6189
21.1 10.6189 0 10.6189 10.7827 0 10.6189 12.585 0 10.6189
21.15 10.6189 0 10.6189 10.7827 0 10.6189 12.585 0 10.6189
21.2 10.6189 0 10.6189 10.6291 0 10.6189 12.7488 0 10.6189
21.25 10.6189 0 10.6291 10.9466 0 10.6189 7.34208 0 10.6189
21.3 10.6189 0 10.6189 10.7827 0 10.6189 0.62464 0 10.6189
21.35 10.6189 0 8.6528 10.6189 0 10.6189 0.62464 0 10.6189
21.4 10.7827 0 0.256 10.7827 0 10.6189 0.38912 0 0.29696
21.45 10.6189 0 0 10.7827 0.16384 10.6189 0 0 0
21.5 10.6086 0.16384 0.17408 10.6086 0 10.6086 0 0.17408 0
21.55 10.6291 0.01024 0 10.6189 0.33792 10.6189 0 0 0
21.6 10.5984 0.32768 0.32768 10.7622 0 10.2707 0 0.33792 0
21.65 10.6394 0.02048 0.02048 10.455 0.18432 10.6189 0 0.01024 0
21.7 10.6189 0.65536 0.65536 10.6189 0.49152 9.92256 0 0 0
21.75 10.6189 0.04096 0.04096 10.0864 0 10.6189 0 0.69632 0
21.8 10.6189 0.32768 0 10.7827 1.35168 10.2912 0 0 0
21.85 10.537 0.99328 1.3824 9.22624 0 9.56416 0 1.39264 0
21.9 10.7008 0.07168 0.01024 10.7827 2.70336 10.6189 0 0 0
21.95 10.5165 2.62144 2.4576 10.7418 0 7.8336 0 1.50528 0
22 10.711 0.16384 0.32768 7.87456 0.74752 10.6189 0 1.28 0
22.05 10.6291 1.80224 0.8192 10.7827 3.84 8.76544 0 0 0
22.1 10.3834 2.72384 3.76832 7.59808 0 7.77216 0 4.64896 0
22.15 10.8544 0.17408 0.11264 9.10336 4.03456 10.6189 0 0.0512 0
22.2 10.496 3.2768 2.65216 9.8816 0.82944 7.17824 0 1.87392 0
22.25 10.6189 1.50528 2.18112 7.31136 1.25952 9.18528 0 2.99008 0
22.3 10.752 1.40288 0.69632 9.95328 3.61472 9.2672 0 0.01024 0
22.35 10.4755 2.8672 2.89792 8.66304 0.16384 7.64928 0 3.09248 0
22.4 10.6803 0.82944 1.47456 8.01792 2.46784 9.89184 0 1.95584 0
22.45 10.6291 2.33472 1.82272 10.4243 2.74432 8.21248 0 1.16736 0
22.5 10.5677 2.42688 2.62144 7.8336 0.38912 8.17152 0.16384 2.46784 0
22.55 10.6906 0.63488 0.96256 8.54016 2.77504 10.0864 0.33792 1.5872 0.17408
22.6 10.5472 2.6624 2.69312 9.89184 2.22208 7.84384 0.01024 1.88416 0.34816
22.65 10.6189 2.12992 2.77504 8.18176 1.25952 8.51968 0.50176 2.42688 0.52224
22.7 10.7008 1.26976 1.792 8.56064 2.43712 9.4208 0.68608 1.08544 0.65536
22.75 10.5267 2.36544 3.39968 9.34912 1.86368 8.17152 0.86016 2.4064 0.04096
22.8 10.6496 2.10944 2.1504 8.3456 1.9456 8.52992 0.8704 2.27328 0.8704
22.85 10.8339 1.59744 2.46784 8.91904 2.59072 9.0624 0.18432 1.21856 1.04448
22.9 10.5574 2.21184 3.54304 8.83712 1.21856 8.50944 1.18784 2.43712 1.21856
22.95 10.6189 2.0992 3.328 8.35584 2.43712 8.54016 1.3824 2.0992 1.14688
23 10.6598 1.59744 2.46784 9.0624 2.41664 8.87808 1.55648 1.54624 0.24576
23.05 10.5677 2.23232 3.16416 8.67328 1.23904 8.51968 0.74752 2.27328 1.56672
23.1 10.6291 2.08896 3.85024 8.20224 2.42688 8.52992 1.00352 2.0992 1.7408
23.15 10.6394 1.93536 3.5328 9.37984 2.41664 8.71424 1.88416 1.72032 1.8944
23.2 10.5882 2.06848 4.17792 8.192 1.41312 8.52992 2.07872 2.27328 1.00352
23.25 10.6291 2.08896 3.04128 8.51968 2.42688 8.52992 2.2528 2.0992 1.10592
23.3 10.6496 1.93536 3.328 9.20576 2.41664 8.704 0.62464 1.8944 2.26304
23.35 10.5882 2.07872 4.66944 8.35584 1.5872 8.52992 1.82272 2.0992 2.43712
23.4 10.6086 2.2528 4.608 8.192 2.2528 8.35584 2.58048 2.27328 2.54976
23.45 10.6496 1.92512 4.6592 9.3696 2.42688 8.704 2.77504 1.8944 1.04448
23.5 10.5984 2.08896 3.08224 8.35584 1.75104 8.52992 2.78528 2.27328 1.80224
23.55 10.6189 2.24256 4.57728 8.35584 2.26304 8.35584 0.79872 2.26304 2.95936
23.6 10.6394 2.10944 4.97664 8.87808 2.58048 8.54016 2.5088 1.90464 3.13344
23.65 10.5984 1.91488 5.2736 8.68352 1.59744 8.68352 3.2768 2.0992 2.85696
23.7 10.6189 2.41664 5.0688 8.3456 2.2528 8.192 3.47136 2.27328 1.4336
23.75 10.6496 2.10944 3.61472 8.38656 2.75456 8.54016 2.6624 2.05824 2.49856
23.8 10.5984 2.07872 5.24288 8.8576 1.5872 8.51968 1.59744 2.08896 3.65568
23.85 10.6086 2.41664 5.95968 8.33536 2.0992 8.192 3.2256 2.60096 3.79904
23.9 10.6496 1.9456 6.01088 8.5504 2.43712 8.69376 3.97312 1.59744 3.06176
23.95 10.6086 2.2528 4.93568 8.52992 2.23232 8.35584 4.16768 2.2528 1.95584
24 10.5984 2.42688 4.79232 8.52992 2.0992 8.18176 2.70336 2.42688 3.19488
24.05 10.6598 2.0992 5.44768 8.18176 2.27328 8.5504 2.41664 1.9456 4.352
24.1 10.5984 2.08896 6.63552 8.69376 2.4064 8.51968 3.76832 2.07872 4.46464
24.15 10.6189 2.59072 6.7072 8.68352 2.08896 8.00768 4.6592 2.42688 2.7648
24.2 10.6086 1.78176 5.16096 8.18176 2.27328 8.86784 4.37248 2.44736 2.97984
24.25 10.7827 2.24256 5.3248 8.52992 2.7648 8.36608 3.0208 1.92512 3.8912
24.3 10.6189 2.42688 6.4 8.35584 1.91488 8.192 3.2768 2.41664 5.04832
24.35 10.5984 2.10944 7.54688 8.3456 2.27328 8.66304 4.46464 2.43712 4.94592
24.4 10.6394 2.2528 6.88128 8.69376 2.60096 8.37632 5.36576 2.0992 3.13344
24.45 10.6189 2.2528 5.51936 8.51968 2.2528 8.3456 4.74112 2.2528 3.35872
24.5 10.5984 2.59072 6.53312 8.17152 2.0992 8.00768 3.19488 2.62144 4.75136
24.55 10.6496 2.12992 6.912 8.37632 2.77504 8.52992 4.11648 1.90464 5.7344
24.6 10.6086 2.24256 8.192 8.68352 1.91488 8.35584 5.18144 2.0992 4.78208
24.65 10.6086 2.60096 6.47168 8.35584 2.2528 8.00768 6.05184 2.75456 3.33824
24.7 10.6496 2.10944 6.23616 7.84384 2.29376 8.5504 4.10624 2.12992 4.88448
24.75 10.6086 2.26304 7.31136 8.69376 2.74432 8.36608 3.9936 2.24256 5.28384
24.8 10.6086 2.59072 8.2432 8.35584 2.0992 7.9872 5.33504 2.27328 6.33856
24.85 10.6189 2.10944 8.12032 8.33536 2.42688 8.52992 5.89824 2.6112 4.17792
24.9 10.6291 2.26304 6.67648 8.52992 2.6112 8.35584 5.91872 2.2528 4.56704
24.95 10.5984 2.41664 7.23968 8.33536 2.26304 8.192 4.75136 2.44736 5.74464
25 10.6086 2.60096 8.62208 7.85408 2.42688 8.00768 4.85376 2.42688 5.9392
25.05 10.9773 2.94912 9.12384 9.51296 3.59424 9.0112 6.8608 2.75456 6.53312
25.1 10.7622 2.58048 7.8336 8.68352 2.2528 8.16128 6.7584 2.2528 5.21216
25.15 10.5984 2.59072 8.36608 7.65952 2.0992 8.00768 5.28384 2.92864 5.75488
25.2 10.6189 2.11968 7.89504 8.00768 2.44736 8.52992 5.72416 2.44736 6.4512
25.25 10.6189 2.26304 8.98048 8.68352 2.7648 8.3456 5.888 2.27328 6.57408
25.3 10.6189 2.75456 9.1648 8.02816 2.42688 7.85408 6.912 2.42688 6.08256
25.35 10.5984 2.44736 8.40704 8.16128 2.27328 8.17152 6.79936 2.6112 5.5808
25.4 10.6598 2.27328 8.22272 8.52992 2.6112 8.3456 5.95968 2.0992 6.30784
25.45 10.5984 2.42688 9.04192 8.192 2.41664 8.192 5.75488 2.59072 7.13728
25.5 10.6086 2.60096 9.84064 8.4992 2.28352 8.00768 6.912 2.60096 6.58432
25.55 10.6394 2.12992 8.88832 8.00768 2.44736 8.51968 7.44448 2.28352 6.59456
25.6 10.6189 2.41664 8.9088 8.192 2.75456 8.192 6.84032 2.27328 6.28736
25.65 10.6086 2.75456 9.09312 8.3456 2.42688 7.84384 6.61504 2.60096 7.168
25.7 10.7622 2.44736 9.87136 8.00768 2.44736 8.17152 6.76864 2.6112 7.2704
25.75 10.6496 2.28352 9.73824 8.51968 2.77504 8.50944 7.29088 2.10944 7.12704
25.8 10.6189 2.60096 9.56416 8.35584 2.2528 8.01792 7.64928 2.41664 7.14752
25.85 10.5984 2.60096 9.78944 8.00768 2.27328 8.00768 7.3216 2.78528 6.98368
25.9 10.6189 2.28352 9.91232 8.00768 2.62144 8.192 7.12704 2.60096 7.99744
25.95 10.6291 2.43712 10.4038 8.33536 2.77504 8.3456 7.63904 2.28352 7.46496
26 10.6189 2.59072 9.74848 8.18176 2.42688 8.00768 8.16128 2.42688 7.3216
26.05 10.6086 2.6112 10.6189 8.00768 2.43712 8.00768 7.34208 2.79552 7.82336
26.1 10.6394 2.44736 10.1274 8.01792 2.94912 8.192 7.99744 2.42688 7.86432
26.15 10.6086 2.43712 10.5882 8.35584 2.43712 8.18176 8.16128 2.26304 8.16128
26.2 10.6189 2.93888 10.4448 8.33536 2.26304 7.66976 7.99744 2.6112 7.8336
26.25 10.6086 2.28352 10.6189 7.8336 2.6112 8.33536 8.17152 2.62144 7.99744
26.3 10.6291 2.43712 10.7827 8.51968 2.77504 8.192 8.18176 2.42688 8.192
26.35 10.6086 2.60096 10.6189 8.18176 2.43712 8.00768 8.3456 2.60096 8.18176
26.4 10.5984 2.60096 10.6189 8.00768 2.43712 7.99744 8.18176 2.60096 8.01792
26.45 10.6394 2.4576 10.6189 7.99744 2.44736 8.192 7.99744 2.4576 8.16128
26.5 10.6189 2.42688 10.6189 8.3456 2.7648 8.18176 8.51968 2.43712 8.18176
26.55 10.6189 2.43712 10.6189 8.00768 2.44736 8.17152 8.3456 2.43712 8.18176
26.6 10.6086 2.77504 10.6189 8.17152 2.60096 7.8336 8.00768 2.6112 8.00768
26.65 10.6291 2.44736 10.6189 8.01792 2.77504 8.192 8.17152 2.43712 8.18176
26.7 10.6291 2.43712 10.6189 8.18176 2.43712 8.18176 8.3456 2.44736 8.18176
26.75 10.6086 2.59072 10.6189 8.18176 2.43712 8.01792 8.35584 2.43712 8.18176
26.8 10.5984 2.60096 10.6189 7.99744 2.43712 7.99744 8.18176 2.60096 8.01792
26.85 10.6291 2.62144 10.6189 8.20224 2.77504 8.01792 8.16128 2.43712 8.18176
26.9 10.6291 2.43712 10.6189 8.4992 2.43712 8.18176 8.3456 2.44736 8.17152
26.95 10.6086 2.59072 10.6189 8.00768 2.43712 8.00768 8.192 2.43712 8.18176
27 10.5984 2.44736 10.6189 8.00768 2.43712 8.17152 8.33536 2.6112 8.00768
27.05 10.6394 2.44736 10.6189 8.50944 2.77504 8.18176 8.17152 2.42688 8.192
27.1 10.7827 2.60096 10.6291 8.01792 2.43712 8.00768 8.18176 2.44736 8.17152
27.15 10.6189 2.59072 10.6189 8.18176 2.43712 8.192 8.51968 2.43712 8.18176
27.2 10.5984 2.43712 10.6189 8.17152 2.60096 8.16128 8.01792 2.60096 8.01792
27.25 10.6291 2.4576 10.6189 8.18176 2.6112 8.18176 8.16128 2.43712 8.18176
27.3 10.6291 2.43712 10.6189 8.3456 2.43712 8.18176 8.3456 2.44736 8.17152
27.35 10.6086 2.59072 10.6189 8.00768 2.43712 8.01792 8.35584 2.43712 8.18176
27.4 10.5984 2.60096 10.6189 8.00768 2.43712 7.99744 8.18176 2.60096 8.01792
27.45 10.6291 2.4576 10.6189 8.51968 2.77504 8.192 8.33536 2.28352 8.33536
27.5 10.6189 2.42688 10.6189 8.00768 2.42688 8.18176 8.35584 2.59072 8.02816
27.55 10.6189 2.27328 10.6189 8.18176 2.44736 8.3456 8.18176 2.43712 8.18176
27.6 10.6086 2.7648 10.6189 8.17152 2.43712 7.84384 8.18176 2.60096 8.01792
27.65 10.6291 2.44736 10.6189 8.01792 2.44736 8.18176 8.33536 2.28352 8.33536
27.7 10.6086 2.27328 10.7827 8.3456 2.75456 8.3456 8.3456 2.43712 8.18176
27.75 10.6189 2.60096 10.6189 8.3456 2.27328 8.01792 8.18176 2.42688 8.35584
27.8 10.6086 2.60096 10.6189 8.16128 2.43712 8.00768 8.3456 2.44736 8.17152
27.85 10.6291 2.44736 10.6189 7.86432 2.43712 8.18176 8.17152 2.60096 8.01792
27.9 10.6291 2.43712 10.6189 8.50944 2.77504 8.18176 8.18176 2.43712 8.18176
27.95 10.6189 2.42688 10.6189 8.18176 2.43712 8.18176 8.35584 2.43712 8.18176
28 10.5984 2.6112 10.6189 8.01792 2.43712 8.00768 8.33536 2.43712 8.18176
28.05 10.6189 2.42688 10.6189 8.32512 2.43712 8.18176 8.35584 2.44736 8.17152
28.1 10.6291 2.44736 10.6189 8.192 2.7648 8.18176 8.00768 2.43712 8.18176
28.15 10.6189 2.43712 10.6189 8.18176 2.27328 8.18176 8.3456 2.42688 8.20224
28.2 10.6189 2.43712 10.6189 8.3456 2.43712 8.18176 8.18176 2.44736 8.17152
28.25 10.6086 2.60096 10.6189 7.84384 2.43712 8.00768 8.3456 2.59072 8.02816
28.3 10.6291 2.43712 10.6189 8.3456 2.44736 8.18176 8.01792 2.44736 8.17152
28.35 10.6086 2.27328 10.6189 8.35584 2.7648 8.3456 8.50944 2.43712 8.18176
28.4 10.6189 2.60096 10.6189 8.17152 2.43712 8.01792 8.3456 2.27328 8.3456
28.45 10.5984 2.60096 10.6189 8.3456 2.26304 8.00768 8.18176 2.43712 8.18176
28.5 10.6291 2.27328 10.6291 7.85408 2.43712 8.3456 8.3456 2.60096 8.01792
28.55 10.793 2.44736 10.6189 8.4992 2.77504 8.18176 8.00768 2.27328 8.3456
28.6 10.6086 2.59072 10.6189 8.192 2.42688 8.18176 8.51968 2.60096 8.01792
28.65 10.6189 2.27328 10.6189 8.01792 2.44736 8.35584 8.18176 2.43712 8.18176
28.7 10.6086 2.7648 10.6189 8.17152 2.43712 7.8336 8.3456 2.26304 8.35584
28.75 10.6291 2.44736 10.6189 8.3456 2.26304 8.18176 8.00768 2.62144 7.99744
28.8 10.6189 2.26304 10.6189 8.18176 2.77504 8.35584 8.51968 2.42688 8.192
28.85 10.6189 2.43712 10.6189 8.3456 2.27328 8.17152 8.01792 2.27328 8.3456
28.9 10.6189 2.7648 10.6189 8.18176 2.42688 7.84384 8.51968 2.43712 8.18176
28.95 10.5984 2.27328 10.6189 8.00768 2.43712 8.36608 8.3456 2.59072 8.02816
29 10.6394 2.44736 10.6189 8.50944 2.44736 8.17152 8.17152 2.44736 8.17152
29.05 10.6086 2.42688 10.6189 8.192 2.7648 8.192 8.35584 2.43712 8.18176
29.1 10.6189 2.43712 10.7827 8.00768 2.27328 8.18176 8.3456 2.43712 8.18176
29.15 10.5984 2.60096 10.6189 8.50944 2.43712 8.00768 8.18176 2.26304 8.35584
29.2 10.6291 2.42688 10.6189 7.85408 2.42688 8.18176 8.35584 2.6112 8.17152
29.25 10.6291 2.29376 10.6189 6.21568 2.77504 8.3456 7.99744 2.43712 8.18176
29.3 10.6086 2.59072 10.6189 0.48128 2.26304 8.01792 8.51968 2.43712 8.18176
29.35 10.6291 2.27328 10.6189 0.48128 2.60096 8.35584 8.18176 2.42688 8.192
29.4 6.27712 7.02464 10.6189 0.33792 2.27328 0.78848 8.3456 2.27328 8.3456
29.45 2.43712 2.44736 10.6189 0 2.43712 0 8.33536 4.66944 5.94944
29.5 3.59424 2.64192 10.6189 0 4.20864 0 5.35552 3.86048 6.7584
29.55 5.09952 5.87776 10.6189 0 4.48512 0 7.36256 2.60096 8.02816
29.6 2.4576 2.63168 10.6189 0 2.44736 0 7.82336 4.51584 6.10304
29.65 3.71712 3.072 10.6189 0 4.36224 0 6.07232 4.03456 6.58432
29.7 4.62848 4.77184 10.6189 0 4.49536 0 7.15776 2.60096 8.01792
29.75 2.95936 3.47136 10.6189 0 2.44736 0 7.80288 4.32128 6.2976
29.8 3.3792 3.04128 10.6189 0 4.18816 0 6.10304 3.85024 6.76864
29.85 4.64896 4.80256 10.6189 0 4.15744 0 6.9632 2.95936 7.65952
29.9 3.26656 3.45088 10.6189 0 2.95936 0 7.9872 3.81952 6.79936
29.95 3.36896 3.04128 10.6291 0 3.66592 0 6.26688 4.1984 6.42048
30 4.47488 4.46464 10.6189 0 4.5056 0 7.13728 3.13344 7.48544
30.05 7.0656 11.6429 10.7827 1.47456 4.7616 2.12992 9.28768 4.13696 7.13728
30.1 5.2224 19.968 10.7725 2.29376 4.74112 2.12992 8.3968 4.33152 6.6048
30.15 3.26656 19.9782 8.192 1.14688 3.59424 0.65536 6.97344 1.90464 4.64896
30.2 3.86048 12.6874 10.6189 1.31072 5.00736 1.31072 1.24928 2.78528 7.84384
30.25 2.64192 6.7584 10.6189 0 1.14688 0 0.91136 4.16768 6.4512
30.3 0.75776 0.67584 5.53984 0 0.73728 0 0.93184 5.2736 1.80224
30.35 1.55648 0.47104 0.58368 0 1.9456 0 0.06144 0.52224 0.3584
30.4 0.68608 1.82272 1.6896 0 0.52224 0 0 1.7408 0
30.45 0.26624 0.27648 0.39936 0 0.1024 0 0 0.52224 0
30.5 0.02048 0.01024 0.01024 0 0.03072 0 0 0 0
30.55 0 0 0 0 0 0 0 0 0
30.6 0 0 0.16384 0 0 0 0.16384 0 0
30.65 0 0 0.01024 0 0 0 0.33792 0 0.17408
30.7 0 0 0.34816 0 0 0 0.02048 0 0.34816
30.75 0 0 0.65536 0 0 0 0.65536 0 0.69632
30.8 0 0 1.35168 0 0 0 1.35168 0 1.31072
30.85 0 0 1.2288 0 0 0 2.70336 0 0.08192
30.9 0 0 1.6384 0 0 0 1.14688 0 2.78528
30.95 0 0 3.10272 0 0 0 1.9968 0 3.13344
31 0.16384 0.16384 3.30752 0 0.16384 0 3.26656 0.16384 3.23584
31.05 0.01024 0.01024 3.4816 0 0.01024 0 3.47136 0.01024 1.71008
31.1 0.32768 0.32768 1.8432 0 0.32768 0 3.64544 0.16384 1.8432
31.15 0.02048 0.02048 2.36544 0 0 0 1.1776 0.18432 3.65568
31.2 0.65536 0.65536 4.42368 0 0.67584 0 2.68288 0 3.82976
31.25 0.04096 0.04096 3.88096 0 0 0 3.95264 0.69632 3.90144
31.3 1.31072 1.31072 3.9936 0 1.35168 0 4.16768 0 1.7408
31.35 0.01024 0.08192 3.11296 0 0 0 3.85024 1.39264 2.53952
31.4 2.36544 1.80224 3.04128 0 2.37568 0 1.8432 0 4.352
31.45 0 0.5632 6.76864 0 0 0 3.18464 2.43712 4.4544
31.5 2.10944 0.89088 4.62848 0 2.60096 0 4.66944 0 2.93888
31.55 0.49152 1.67936 5.44768 0 0 0 4.864 2.6112 2.65216
31.6 1.62816 0.27648 2.95936 0 2.77504 0 2.90816 0 4.05504
31.65 1.14688 2.4576 6.98368 0 0 0 2.92864 2.7136 5.04832
31.7 0.98304 0.16384 5.23264 0 1.6384 0 4.44416 0.07168 4.79232
31.75 1.96608 2.78528 6.77888 0 1.31072 0 5.35552 1.87392 3.13344
31.8 0.50176 0.17408 4.38272 0 1.25952 0 4.08576 1.08544 3.51232
31.85 2.62144 2.94912 6.07232 0 1.86368 0 4.47488 1.536 4.75136
31.9 0.1536 0.18432 5.632 0 1.0752 0 3.35872 1.59744 5.72416
31.95 3.14368 3.11296 7.92576 0 2.22208 0 5.30432 1.1776 4.63872
32 0.12288 0.19456 5.69344 0 0.39936 0 6.06208 2.12992 4.32128
32.05 3.34848 3.2768 5.75488 0 3.072 0 4.4544 0.99328 3.8912
32.1 0.08192 0.14336 6.38976 0 0.22528 0 4.47488 2.48832 5.44768
32.15 3.56352 2.02752 7.02464 0 3.42016 0 4.37248 0.49152 6.00064
32.2 0.08192 1.5872 8.27392 0 0.03072 0 6.01088 3.16416 4.864
32.25 3.08224 1.57696 5.2736 0 3.7888 0 5.9392 0.16384 4.37248
32.3 0.69632 2.21184 7.8848 0 0.01024 0 4.74112 3.66592 5.26336
32.35 2.1504 1.45408 6.2976 0 3.81952 0 4.88448 0 6.28736
32.4 1.83296 2.52928 9.73824 0 0.16384 0 5.85728 3.75808 5.19168
32.45 1.67936 1.14688 5.6832 0 2.51904 0 6.57408 0.24576 6.23616
32.5 2.47808 2.99008 8.97024 0 1.64864 0 5.44768 3.23584 4.73088
32.55 1.52576 0.86016 6.26688 0 2.16064 0 5.5808 0.94208 6.4512
32.6 2.80576 3.47136 10.0557 0 2.18112 0 5.87776 2.39616 6.57408
32.65 1.18784 0.7168 7.40352 0 1.61792 0 6.59456 1.95584 6.0928
32.7 3.31776 3.7888 8.30464 0 2.89792 0 6.94272 1.88416 5.74464
32.75 0.80896 0.53248 8.28416 0 1.42336 0 5.74464 2.64192 6.13376
32.8 3.88096 3.16416 8.61184 0 3.26656 0 6.47168 1.71008 6.912
32.85 0.62464 1.16736 9.41056 0 1.08544 0 6.56384 2.99008 6.44096
32.9 3.584 3.03104 8.48896 0 3.77856 0 6.98368 1.36192 6.61504
32.95 1.09568 1.792 9.61536 0 0.90112 0 6.78912 3.50208 6.62528
33 3.45088 2.59072 8.36608 0 3.80928 0 6.78912 1.19808 7.14752
33.05 1.41312 2.42688 10.5472 0 1.05472 0 6.61504 3.46112 6.61504
33.1 2.816 2.12992 8.41728 0 3.31776 0 7.46496 1.41312 7.3216
33.15 2.22208 3.06176 10.5574 0 1.72032 0 7.13728 3.1232 7.1168
33.2 2.6624 1.9968 9.10336 0 3.13344 0 7.31136 1.76128 7.33184
33.25 2.7136 3.38944 10.3936 0 2.06848 0 7.6288 3.10272 7.30112
33.3 2.31424 1.83296 9.79968 0 2.64192 0 7.13728 2.11968 7.9872
33.35 3.2256 3.54304 10.0454 0 2.74432 0 7.99744 2.60096 7.13728
33.4 2.14016 1.65888 10.6189 0 2.28352 0 7.30112 2.79552 7.82336
33.45 3.42016 3.08224 9.7792 0 3.2768 0 8.50944 2.42688 7.3216
33.5 2.11968 2.4576 10.5882 0 2.27328 0 7.13728 2.97984 7.63904
33.55 2.78528 2.93888 10.455 0 3.45088 0 7.84384 2.59072 8.02816
33.6 2.7648 2.62144 10.6086 0 2.28352 0 8.15104 3.1232 7.3216
33.65 2.95936 2.77504 10.6189 0 2.9696 0 7.84384 2.44736 8.17152
33.7 2.62144 2.93888 10.6189 0 2.7648 0 7.84384 2.95936 7.65952
33.75 3.13344 2.63168 10.6189 0 2.95936 0 7.82336 2.60096 8.01792
33.8 2.60096 3.11296 10.6189 0 2.6112 0 8.33536 2.9696 7.64928
33.85 2.79552 2.80576 10.6189 0 3.1232 0 7.81312 2.6112 8.00768
33.9 3.11296 3.10272 10.6189 0 2.77504 0 7.84384 2.94912 7.66976
33.95 2.63168 2.63168 10.6189 0 2.79552 0 7.82336 2.80576 7.81312
34 3.09248 3.11296 10.7827 0 3.11296 0 8.32512 2.77504 7.84384
34.05 2.80576 2.63168 10.6189 0 2.62144 0 7.49568 3.1232 7.65952
34.1 3.11296 3.26656 10.6189 0 3.13344 0 8.00768 2.62144 7.99744
34.15 2.78528 2.63168 10.6189 0 2.93888 0 7.9872 2.95936 7.65952
34.2 3.29728 2.95936 10.6189 0 3.1232 0 7.65952 2.77504 7.84384
34.25 2.62144 3.11296 10.6189 0 2.62144 0 7.8336 3.29728 7.3216
34.3 2.79552 2.79552 10.6189 0 2.9696 0 7.82336 2.63168 7.9872
34.35 3.2768 3.28704 10.6189 0 3.2768 0 7.9872 2.78528 7.8336
34.4 2.95936 2.64192 10.6189 0 2.78528 0 7.64928 3.13344 7.48544
34.45 3.13344 3.26656 10.6189 0 3.13344 0 7.84384 2.94912 7.68
34.5 2.78528 2.95936 10.6189 0 2.79552 0 7.65952 3.13344 7.48544
34.55 2.95936 2.80576 10.6189 0 3.29728 0 7.81312 2.63168 7.9872
34.6 3.28704 3.2768 10.6189 0 3.10272 0 7.8336 2.94912 7.66976
34.65 2.95936 2.816 10.6189 0 2.79552 0 7.80288 3.13344 7.48544
34.7 3.13344 3.4304 10.6189 0 3.29728 0 7.51616 3.11296 7.50592
34.75 2.78528 2.79552 10.6189 0 2.80576 0 7.82336 3.13344 7.48544
34.8 2.9696 2.9696 10.6291 0 3.13344 0 7.64928 2.64192 7.97696
34.85 3.2768 3.28704 10.6189 0 3.26656 0 7.82336 2.94912 7.66976
34.9 3.13344 2.816 10.6189 0 2.79552 0 7.63904 3.30752 7.31136
34.95 3.46112 3.1232 10.6189 0 3.30752 0 7.82336 2.78528 7.8336
35 2.64192 3.28704 10.6189 0 2.78528 0 7.49568 3.1232 7.49568
35.05 3.95264 3.95264 10.9466 0.98304 4.11648 0.98304 8.46848 3.62496 7.80288
35.1 3.44064 3.26656 10.752 0 3.29728 0 7.64928 3.44064 7.81312
35.15 2.79552 2.80576 10.6189 0 2.79552 0 7.64928 3.31776 7.30112
35.2 2.97984 2.97984 10.6189 0 3.6352 0 7.3216 2.63168 7.9872
35.25 3.44064 3.44064 10.6189 0 2.93888 0 7.99744 3.1232 7.49568
35.3 2.9696 2.82624 10.6189 0 2.9696 0 7.46496 3.30752 7.31136
35.35 3.62496 3.28704 10.6189 0 3.47136 0 7.65952 2.78528 7.8336
35.4 2.79552 3.29728 10.6189 0 2.78528 0 7.64928 3.13344 7.48544
35.45 2.99008 3.14368 10.7827 0 3.13344 0 7.31136 3.30752 7.31136
35.5 3.45088 3.44064 10.6189 0 3.47136 0 7.66976 3.11296 7.66976
35.55 2.80576 2.9696 10.6189 0 2.80576 0 7.64928 3.47136 7.14752
35.6 3.30752 2.97984 10.6189 0 3.14368 0 7.31136 2.9696 7.64928
35.65 3.28704 3.45088 10.6189 0 3.45088 0 7.9872 3.13344 7.48544
35.7 2.9696 2.95936 10.6189 0 3.13344 0 7.49568 3.30752 7.31136
35.75 3.14368 3.15392 10.6189 0 3.47136 0 7.46496 2.9696 7.64928
35.8 3.45088 3.44064 10.6189 0 3.1232 0 7.66976 3.13344 7.48544
35.85 2.95936 2.97984 10.6189 0 3.13344 0 7.63904 3.31776 7.31136
35.9 3.79904 3.14368 10.6189 0 3.4816 0 7.31136 2.95936 7.65952
35.95 2.80576 3.45088 10.6189 0 2.95936 0 7.82336 3.13344 7.48544
36 3.46112 2.99008 10.6189 0 3.29728 0 7.30112 3.30752 7.31136
36.05 3.30752 3.28704 10.6189 0 3.47136 0 7.49568 2.9696 7.64928
36.1 3.13344 3.29728 10.6189 0 2.95936 0 7.64928 3.29728 7.3216
36.15 3.13344 3.15392 10.6189 0 3.30752 0 7.46496 3.30752 7.31136
36.2 3.47136 3.61472 10.6189 0 3.47136 0 7.33184 2.95936 7.65952
36.25 3.13344 2.97984 10.6291 0 2.95936 0 7.80288 3.30752 7.31136
36.3 3.30752 3.31776 10.6189 0 3.30752 0 7.30112 3.31776 7.30112
36.35 3.29728 3.60448 10.6189 0 3.47136 0 7.50592 3.1232 7.49568
36.4 3.29728 2.99008 10.6189 0 3.13344 0 7.46496 3.29728 7.3216
36.45 3.31776 3.30752 10.6189 0 3.14368 0 7.4752 3.31776 7.30112
36.5 3.29728 3.61472 10.6189 0 3.6352 0 7.33184 3.13344 7.48544
36.55 3.29728 2.99008 10.6189 0 3.13344 0 7.6288 3.29728 7.3216
36.6 3.15392 3.31776 10.6189 0 3.14368 0 7.31136 3.49184 7.12704
36.65 3.46112 3.61472 10.6189 0 3.64544 0 7.65952 2.95936 7.65952
36.7 3.13344 2.97984 10.6189 0 3.1232 0 7.4752 3.47136 7.14752
36.75 3.4816 3.15392 10.6189 0 3.15392 0 7.13728 3.30752 7.31136
36.8 3.47136 3.77856 10.6189 0 3.47136 0 7.49568 3.14368 7.4752
36.85 2.9696 3.14368 10.7827 0 3.46112 0 7.4752 3.13344 7.48544
36.9 3.6352 3.16416 10.6189 0 3.13344 0 7.45472 3.6352 7.14752
36.95 3.31776 3.46112 10.6189 0 3.49184 0 7.15776 3.14368 7.4752
37 3.13344 3.46112 10.6189 0 3.29728 0 7.64928 3.30752 7.31136
37.05 3.30752 3.15392 10.6189 0 3.30752 0 7.30112 3.31776 7.30112
37.1 3.81952 3.47136 10.6189 0 3.6352 0 6.98368 3.45088 7.168
37.15 2.9696 3.46112 10.6189 0 2.97984 0 7.81312 3.15392 7.46496
37.2 3.30752 3.15392 10.6189 0 3.30752 0 7.30112 3.49184 7.12704
37.25 3.47136 3.31776 10.6189 0 3.80928 0 7.30112 3.1232 7.49568
37.3 3.4816 3.7888 10.6189 0 3.1232 0 7.3216 3.30752 7.3216
37.35 3.29728 3.14368 10.6189 0 3.30752 0 7.4752 3.64544 6.97344
37.4 3.31776 3.30752 10.6189 0 3.33824 0 7.14752 3.15392 7.46496
37.45 3.62496 3.47136 10.6189 0 3.62496 0 7.4752 3.13344 7.48544
37.5 3.30752 3.31776 10.6189 0 3.13344 0 7.46496 3.47136 7.14752
37.55 3.328 3.4816 10.6189 0 3.4816 0 6.97344 3.4816 7.13728
37.6 3.62496 3.62496 10.6189 0 3.4816 0 7.64928 3.30752 7.31136
37.65 3.14368 3.14368 10.6291 0 3.47136 0 7.31136 3.31776 7.30112
37.7 3.4816 3.31776 10.6189 0 3.30752 0 7.13728 3.47136 7.14752
37.75 3.80928 3.4816 10.6189 0 3.64544 0 7.46496 3.30752 7.31136
37.8 2.97984 3.62496 10.6189 0 3.14368 0 7.15776 3.47136 7.14752
37.85 3.47136 3.14368 10.6189 0 3.31776 0 7.4752 3.49184 7.12704
37.9 3.31776 3.328 10.6189 0 3.97312 0 7.12704 3.14368 7.4752
37.95 3.79904 3.79904 10.6189 0 3.29728 0 7.31136 3.29728 7.3216
38 3.30752 3.31776 10.6189 0 3.14368 0 7.46496 3.4816 7.13728
38.05 3.33824 3.4816 10.6189 0 3.4816 0 6.98368 3.64544 6.97344
38.1 3.62496 3.7888 10.6189 0 3.65568 0 7.64928 3.15392 7.46496
38.15 3.30752 2.99008 10.6189 0 3.29728 0 7.30112 3.4816 7.13728
38.2 3.31776 3.47136 10.6189 0 3.64544 0 7.14752 3.4816 7.13728
38.25 3.96288 3.328 10.6189 0 3.64544 0 7.45472 3.29728 7.3216
38.3 3.15392 3.79904 10.7827 0 3.14368 0 7.14752 3.31776 7.30112
38.35 3.31776 3.4816 10.6189 0 3.30752 0 7.30112 3.79904 6.98368
38.4 3.49184 3.31776 10.6189 0 3.328 0 6.97344 3.31776 7.30112
38.45 3.62496 3.6352 10.6189 0 3.80928 0 7.4752 3.31776 7.30112
38.5 3.14368 3.30752 10.6189 0 3.46112 0 7.4752 3.4816 7.13728
38.55 3.64544 3.31776 10.6189 0 3.4816 0 7.13728 3.4816 7.13728
38.6 3.97312 3.49184 10.6189 0 3.65568 0 7.12704 3.30752 7.31136
38.65 3.15392 3.79904 10.6189 0 3.13344 0 7.4752 3.30752 7.31136
38.7 3.328 3.31776 10.6189 0 3.4816 0 6.8096 3.64544 6.98368
38.75 3.4816 3.4816 10.6189 0 3.49184 0 7.30112 3.65568 6.9632
38.8 3.79904 3.79904 10.6189 0 3.65568 0 7.4752 3.31776 7.30112
38.85 3.14368 3.15392 10.6189 0 3.6352 0 7.13728 3.4816 7.13728
38.9 3.4816 3.47136 10.6189 0 3.4816 0 7.31136 3.49184 7.12704
38.95 3.81952 3.49184 10.6189 0 3.80928 0 6.9632 3.47136 7.14752
39 3.6352 3.64544 10.6189 0 3.15392 0 7.46496 3.14368 7.4752
39.05 3.30752 3.49184 10.6189 0 3.46112 0 7.29088 3.4816 7.13728
39.1 3.50208 3.65568 10.6291 0 3.4816 0 6.9632 3.65568 6.9632
39.15 3.80928 3.7888 10.6189 0 3.81952 0 7.15776 3.46112 7.15776
39.2 3.30752 3.15392 10.6189 0 3.15392 0 7.30112 3.64544 6.97344
39.25 3.328 3.4816 10.6189 0 3.49184 0 7.13728 3.66592 6.95296
39.3 3.4816 3.49184 10.6189 0 3.98336 0 7.12704 3.31776 7.30112
39.35 3.79904 3.79904 10.6189 0 3.30752 0 7.31136 3.4816 7.13728
39.4 3.31776 3.30752 10.6189 0 3.64544 0 7.14752 3.31776 7.30112
39.45 3.80928 3.50208 10.6189 0 3.47136 0 7.29088 3.65568 6.9632
39.5 3.81952 3.4816 10.6189 0 3.81952 0 7.13728 3.30752 7.31136
39.55 3.30752 3.81952 10.6189 0 3.30752 0 7.29088 3.47136 7.14752
39.6 3.4816 3.4816 10.6189 0 3.31776 0 7.30112 3.65568 6.9632
39.65 3.50208 3.65568 10.6189 0 3.49184 0 6.79936 3.49184 7.12704
39.7 3.80928 3.79904 10.7827 0 3.97312 0 7.14752 3.47136 7.14752
39.75 3.31776 3.4816 10.6189 0 3.31776 0 7.30112 3.80928 6.97344
39.8 3.4816 3.31776 10.6189 0 3.49184 0 7.13728 3.65568 6.9632
39.85 3.50208 3.49184 10.6189 0 3.65568 0 6.79936 3.31776 7.30112
39.9 3.79904 3.97312 10.6189 0 3.64544 0 7.46496 3.4816 7.13728
39.95 3.31776 3.30752 10.6189 0 3.31776 0 7.14752 3.66592 6.95296
40 3.49184 3.328 10.6189 0 3.81952 0 7.12704 3.64544 6.97344
40.05 12.6157 11.0182 10.7827 1.80224 5.25312 2.29376 9.58464 3.64544 7.6288
40.1 19.9373 8.72448 10.7827 0.98304 3.23584 1.31072 8.62208 3.65568 7.12704
40.15 19.9578 7.70048 9.28768 0.8192 2.9184 0.32768 7.35232 1.536 6.71744
40.2 16.8038 9.76896 10.5677 0.16384 2.02752 0 1.25952 3.60448 7.17824
40.25 9.216 10.0557 10.6189 0.16384 3.4816 0 2.52928 4.36224 6.25664
40.3 0.256 1.39264 10.6189 0 0.41984 0 1.19808 4.66944 5.94944
40.35 0.65536 0.60416 1.06496 0 0.60416 0 0.4096 1.82272 1.09568
40.4 0.18432 0.18432 0.3584 0 0.11264 0 0.17408 0.34816 0.17408
40.45 0.01024 0.01024 0.01024 0 0.02048 0 0.01024 0 0
40.5 0 0 0 0 0 0 0 0 0
40.55 0 0 0 0 0 0 0 0 0
40.6 0 0 0.16384 0 0 0 0.16384 0 0.16384
40.65 0 0 0.33792 0 0 0 0.33792 0 0.01024
40.7 0 0 0.02048 0 0 0 0.67584 0 0.34816
40.75 0 0 0.69632 0 0 0 0.03072 0 0.69632
40.8 0 0 1.31072 0 0 0 1.32096 0 1.39264
40.85 0 0 2.70336 0 0 0 2.70336 0 1.47456
40.9 0 0 1.31072 0 0 0 3.93216 0 1.31072
40.95 0.16384 0.16384 2.85696 0 0.16384 0 1.1776 0 4.00384
41 0 0.01024 4.25984 0 0 0 3.0208 0.17408 4.17792
41.05 0.33792 0 4.1984 0 0.33792 0 4.31104 0 4.05504
41.1 0 0.32768 4.1984 0 0 0 4.51584 0.34816 1.77152
41.15 0.67584 0.02048 2.06848 0 0.67584 0 3.70688 0 3.05152
41.2 0 0.65536 4.2496 0 0 0 1.98656 0.69632 4.70016
41.25 0.36864 0.04096 4.75136 0 1.35168 0 3.8912 0 4.87424
41.3 0.98304 1.31072 6.20544 0 0 0 5.00736 1.37216 2.85696
41.35 0.08192 0.08192 2.816 0 1.72032 0 5.21216 0.02048 3.1744
41.4 2.62144 2.62144 6.20544 0 0.98304 0 2.4064 2.68288 4.23936
41.45 0.16384 0.16384 4.66944 0 1.14688 0 3.74784 0.1024 5.39648
41.5 2.78528 2.78528 7.70048 0 1.80224 0 4.82304 0.98304 4.63872
41.55 0.13312 0.17408 5.34528 0 0.06144 0 5.70368 1.97632 3.96288
41.6 2.99008 2.94912 5.0688 0 3.06176 0 4.75136 0.65536 3.69664
41.65 0.1024 0.14336 6.05184 0 0.04096 0 3.328 2.47808 4.93568
41.7 3.19488 2.17088 6.64576 0 3.25632 0 4.66944 0.32768 6.01088
41.75 0.09216 1.11616 7.97696 0 0.02048 0 5.5296 2.97984 4.51584
41.8 3.21536 2.19136 4.72064 0 3.45088 0 6.4 0 4.37248
41.85 0.2048 1.24928 7.71072 0 0 0 3.8912 3.4816 4.89472
41.9 2.4576 1.7408 5.59104 0 3.64544 0 4.88448 0 5.61152
41.95 1.1776 1.8944 8.93952 0 0 0 5.36576 3.62496 5.8368
42 2.31424 1.4336 5.79584 0 3.16416 0 6.22592 0.03072 5.23264
42.05 1.47456 2.34496 9.3184 0 0.65536 0 5.61152 3.76832 4.89472
42.1 2.3552 0.99328 5.04832 0 2.84672 0 5.56032 0.06144 5.92896
42.15 1.6384 2.9696 9.89184 0 1.14688 0 5.23264 2.92864 6.22592
42.2 1.3824 0.37888 6.38976 0 2.46784 0 6.22592 1.0752 5.61152
42.25 2.78528 3.77856 9.09312 0 1.69984 0 6.42048 2.74432 5.71392
42.3 1.18784 0.23552 6.77888 0 2.29376 0 5.77536 1.4336 5.95968
42.35 3.15392 4.096 9.22624 0 2.048 0 5.9392 2.37568 6.2464
42.4 0.512 0.256 7.66976 0 1.45408 0 6.37952 1.97632 6.6048
42.45 4.00384 3.93216 8.69376 0 3.06176 0 6.62528 1.52576 6.25664
42.5 0.31744 0.53248 8.98048 0 0.74752 0 6.25664 3.00032 6.44096
42.55 4.37248 3.33824 7.94624 0 3.9424 0 7.1168 1.1776 6.27712
42.6 0.12288 1.32096 9.59488 0 0.5632 0 6.0928 3.52256 6.92224
42.65 3.59424 2.88768 8.16128 0 4.3008 0 6.97344 0.83968 6.49216
42.7 1.23904 1.9456 10.4141 0 0.21504 0 6.76864 3.98336 6.6048
42.75 3.30752 2.43712 8.05888 0 4.00384 0 7.46496 0.70656 7.30112
42.8 1.73056 2.57024 10.5574 0 0.86016 0 6.30784 3.64544 6.79936
42.85 2.99008 2.1504 8.6016 0 3.65568 0 7.29088 1.0752 7.48544
42.9 2.19136 3.06176 10.5472 0 1.536 0 7.6288 3.47136 7.1168
42.95 2.5088 2.16064 8.94976 0 3.4816 0 7.31136 1.5872 7.34208
43 2.85696 3.20512 10.5472 0 1.8944 0 7.80288 3.2768 7.29088
43.05 2.48832 1.34144 9.472 0 2.97984 0 7.14752 1.95584 7.9872
43.1 3.06176 3.5328 10.5472 0 2.57024 0 7.8336 3.10272 6.97344
43.15 2.1504 1.49504 10.2912 0 2.80576 0 7.48544 2.46784 7.82336
43.2 3.072 3.39968 10.4243 0 2.92864 0 8.33536 2.92864 7.49568
43.25 1.83296 2.32448 10.455 0 2.63168 0 7.14752 2.78528 7.8336
43.3 3.24608 3.24608 10.6086 0 2.78528 0 8.50944 2.60096 7.84384
43.35 2.48832 2.31424 10.6189 0 2.44736 0 7.48544 2.78528 7.8336
43.4 3.10272 3.42016 10.6189 0 2.78528 0 8.01792 2.60096 8.01792
43.45 2.62144 2.48832 10.6189 0 2.6112 0 7.81312 2.63168 7.9872
43.5 3.26656 3.26656 10.6189 0 3.10272 0 8.33536 2.6112 8.00768
43.55 2.4576 2.62144 10.6189 0 2.6112 0 7.99744 3.14368 7.4752
43.6 3.26656 2.93888 10.6189 0 3.46112 0 8.00768 2.60096 8.01792
43.65 2.62144 2.63168 10.6189 0 2.44736 0 7.9872 3.13344 7.48544
43.7 3.13344 2.78528 10.7827 0 3.13344 0 7.66976 2.6112 8.00768
43.75 2.6112 3.10272 10.6189 0 2.6112 0 8.17152 2.95936 7.82336
43.8 2.80576 2.816 10.6189 0 3.28704 0 7.4752 2.77504 7.84384
43.85 3.2768 3.26656 10.6189 0 2.6112 0 8.00768 3.1232 7.49568
43.9 2.63168 2.63168 10.6189 0 2.9696 0 7.82336 2.64192 7.97696
43.95 3.26656 3.10272 10.6189 0 3.2768 0 8.00768 2.93888 7.68
44 2.79552 2.64192 10.6189 0 2.62144 0 7.97696 2.95936 7.65952
44.05 3.13344 3.11296 10.6189 0 3.13344 0 7.34208 2.94912 7.66976
44.1 2.6112 3.1232 10.6189 0 2.79552 0 8.15104 2.97984 7.64928
44.15 2.9696 2.79552 10.6189 0 3.28704 0 7.65952 2.78528 7.8336
44.2 3.44064 3.1232 10.6189 0 2.94912 0 7.9872 2.78528 7.8336
44.25 2.80576 2.9696 10.6189 0 2.62144 0 7.64928 3.29728 7.3216
44.3 3.1232 3.26656 10.6189 0 3.47136 0 7.84384 2.78528 7.8336
44.35 2.78528 2.63168 10.6189 0 2.78528 0 7.65952 3.14368 7.4752
44.4 2.9696 2.9696 10.6189 0 3.46112 0 7.81312 2.78528 7.8336
44.45 3.44064 3.29728 10.6189 0 2.78528 0 7.81312 2.78528 7.8336
44.5 2.80576 2.95936 10.6291 0 2.78528 0 7.65952 3.29728 7.3216
44.55 3.29728 3.44064 10.6189 0 3.30752 0 7.34208 2.95936 7.65952
44.6 2.78528 2.63168 10.6189 0 2.79552 0 7.9872 3.13344 7.48544
44.65 2.9696 2.9696 10.6189 0 3.29728 0 7.64928 2.80576 7.81312
44.7 3.2768 3.28704 10.6189 0 3.2768 0 7.82336 2.95936 7.65952
44.75 3.13344 2.9696 10.6189 0 2.79552 0 7.81312 3.29728 7.3216
44.8 3.46112 2.97984 10.6189 0 3.47136 0 7.4752 2.78528 7.8336
44.85 2.63168 3.60448 10.6189 0 2.78528 0 7.68 3.1232 7.49568
44.9 3.15392 2.97984 10.6189 0 2.9696 0 7.14752 3.13344 7.48544
44.95 3.2768 3.2768 10.6189 0 3.29728 0 8.16128 3.28704 7.33184
45 2.79552 2.79552 10.6189 0 2.97984 0 7.65952 3.14368 7.4752
45.05 4.12672 3.96288 10.9466 0.98304 4.28032 0.98304 8.45824 3.30752 8.13056
45.1 3.26656 3.4304 10.9158 0 3.2768 0 7.64928 3.44064 7.80288
45.15 2.95936 2.79552 10.6189 0 2.95936 0 7.65952 3.30752 7.31136
45.2 3.31776 2.99008 10.6189 0 3.47136 0 7.30112 2.79552 7.9872
45.25 3.2768 3.45088 10.6189 0 2.94912 0 7.82336 3.1232 7.49568
45.3 3.13344 2.99008 10.6189 0 2.9696 0 7.6288 3.30752 7.31136
45.35 3.47136 3.46112 10.6189 0 3.47136 0 7.3216 2.95936 7.65952
45.4 2.95936 3.1232 10.6189 0 2.78528 0 7.82336 3.1232 7.49568
45.45 2.99008 3.31776 10.6189 0 3.14368 0 7.13728 3.15392 7.46496
45.5 3.45088 3.45088 10.6189 0 3.46112 0 7.82336 3.11296 7.50592
45.55 2.97984 2.9696 10.6189 0 2.95936 0 7.3216 3.30752 7.3216
45.6 3.14368 3.14368 10.6189 0 3.14368 0 7.63904 3.13344 7.48544
45.65 3.46112 3.45088 10.6189 0 3.47136 0 7.49568 3.13344 7.48544
45.7 2.95936 2.9696 10.6189 0 2.9696 0 7.64928 3.29728 7.3216
45.75 3.15392 3.14368 10.6189 0 3.30752 0 7.31136 3.14368 7.4752
45.8 3.61472 3.61472 10.6189 0 3.46112 0 7.65952 3.13344 7.48544
45.85 2.80576 2.80576 10.6189 0 2.9696 0 7.48544 3.30752 7.31136
45.9 3.30752 3.31776 10.6189 0 3.30752 0 7.46496 2.9696 7.64928
45.95 3.46112 3.45088 10.6291 0 3.28704 0 7.49568 3.46112 7.15776
46 2.97984 2.9696 10.6189 0 3.15392 0 7.48544 3.14368 7.4752
46.05 3.29728 3.31776 10.6189 0 3.62496 0 7.46496 3.13344 7.48544
46.1 3.47136 3.45088 10.6189 0 3.13344 0 7.49568 3.29728 7.3216
46.15 3.13344 3.14368 10.6189 0 3.14368 0 7.4752 3.31776 7.30112
46.2 3.30752 3.15392 10.6189 0 3.6352 0 7.46496 2.9696 7.64928
46.25 3.46112 3.61472 10.6189 0 2.95936 0 7.49568 3.46112 7.15776
46.3 3.14368 3.14368 10.6189 0 3.15392 0 7.48544 3.30752 7.31136
46.35 3.29728 3.15392 10.6189 0 3.47136 0 7.6288 2.97984 7.63904
46.4 3.6352 3.62496 10.6189 0 3.28704 0 7.3216 3.29728 7.3216
46.45 2.9696 3.13344 10.6189 0 3.30752 0 7.64928 3.47136 7.14752
46.5 3.30752 3.15392 10.6189 0 3.31776 0 7.30112 3.14368 7.4752
46.55 3.62496 3.46112 10.7827 0 3.46112 0 7.48544 3.14368 7.4752
46.6 3.15392 3.30752 10.6189 0 3.13344 0 7.31136 3.6352 7.14752
46.65 3.30752 3.30752 10.6189 0 3.4816 0 7.31136 3.15392 7.46496
46.7 3.62496 3.46112 10.6189 0 3.46112 0 7.64928 3.1232 7.49568
46.75 3.14368 3.15392 10.6189 0 3.14368 0 7.30112 3.31776 7.30112
46.8 3.15392 3.30752 10.6189 0 3.30752 0 7.31136 3.47136 7.14752
46.85 3.62496 3.62496 10.6189 0 3.64544 0 7.48544 3.30752 7.31136
46.9 3.14368 3.13344 10.6189 0 3.29728 0 7.3216 3.30752 7.31136
46.95 3.47136 3.16416 10.6189 0 3.14368 0 7.45472 3.47136 7.15776
47 3.4816 3.7888 10.6189 0 3.64544 0 7.15776 3.14368 7.4752
47.05 3.13344 3.14368 10.6189 0 3.14368 0 7.63904 3.30752 7.31136
47.1 3.31776 3.30752 10.6189 0 3.47136 0 7.31136 3.31776 7.30112
47.15 3.79904 3.31776 10.6189 0 3.6352 0 7.30112 3.29728 7.3216
47.2 3.14368 3.6352 10.6189 0 3.14368 0 7.31136 3.47136 7.14752
47.25 3.30752 3.30752 10.6189 0 3.31776 0 7.31136 3.49184 7.12704
47.3 3.15392 3.30752 10.6189 0 3.80928 0 7.31136 3.13344 7.48544
47.35 3.7888 3.4816 10.6291 0 3.13344 0 7.46496 3.14368 7.4752
47.4 3.31776 3.47136 10.6189 0 3.29728 0 7.4752 3.47136 7.14752
47.45 3.328 3.31776 10.6189 0 3.31776 0 6.8096 3.64544 6.97344
47.5 3.62496 3.62496 10.6189 0 3.65568 0 7.64928 3.15392 7.46496
47.55 3.13344 3.14368 10.6189 0 3.29728 0 7.4752 3.30752 7.31136
47.6 3.64544 3.328 10.6189 0 3.47136 0 7.29088 3.4816 7.13728
47.65 3.64544 3.47136 10.6189 0 3.64544 0 7.14752 3.29728 7.3216
47.7 3.14368 3.79904 10.6189 0 2.97984 0 7.3216 3.6352 6.98368
47.75 3.31776 3.14368 10.6189 0 3.49184 0 7.14752 3.50208 7.1168
47.8 3.31776 3.4816 10.6189 0 3.80928 0 7.46496 3.13344 7.48544
47.85 3.7888 3.4816 10.6189 0 3.29728 0 7.46496 3.14368 7.4752
47.9 3.30752 3.31776 10.6189 0 3.29728 0 7.46496 3.47136 7.14752
47.95 3.50208 3.64544 10.7827 0 3.31776 0 6.8096 3.65568 6.9632
48 3.6352 3.79904 10.6189 0 3.65568 0 7.31136 3.46112 7.3216
48.05 3.14368 3.13344 10.6189 0 3.30752 0 7.48544 3.328 7.29088
48.1 3.30752 3.15392 10.6189 0 3.64544 0 7.30112 3.65568 6.9632
48.15 3.64544 3.4816 10.6189 0 3.80928 0 7.13728 2.9696 7.64928
48.2 3.6352 3.64544 10.6189 0 3.13344 0 7.46496 3.47136 7.14752
48.25 3.328 3.49184 10.6189 0 3.30752 0 7.12704 3.4816 7.13728
48.3 3.49184 3.64544 10.6189 0 3.4816 0 6.97344 3.64544 6.97344
48.35 3.79904 3.62496 10.6189 0 3.65568 0 7.48544 3.47136 7.14752
48.4 3.14368 3.14368 10.6189 0 3.328 0 7.14752 3.328 7.30112
48.45 3.31776 3.31776 10.6189 0 3.47136 0 7.46496 3.66592 6.95296
48.5 3.4816 3.4816 10.6189 0 3.98336 0 6.97344 3.13344 7.48544
48.55 3.7888 3.64544 10.6189 0 3.29728 0 7.46496 3.30752 7.31136
48.6 3.4816 3.328 10.6189 0 3.30752 0 7.45472 3.4816 7.13728
48.65 3.49184 3.65568 10.6189 0 3.4816 0 6.9632 3.4816 7.13728
48.7 3.81952 3.95264 10.6189 0 3.64544 0 7.15776 3.47136 7.14752
48.75 3.14368 3.30752 10.6291 0 3.15392 0 7.14752 3.80928 6.8096
48.8 3.31776 3.328 10.6189 0 3.50208 0 7.12704 3.65568 6.9632
48.85 3.49184 3.4816 10.6189 0 3.65568 0 7.13728 3.15392 7.46496
48.9 3.62496 3.7888 10.6189 0 3.7888 0 7.48544 3.49184 7.12704
48.95 3.4816 3.15392 10.6189 0 3.4816 0 7.30112 3.47136 7.14752
49 3.4816 3.31776 10.6189 0 3.4816 0 7.30112 3.65568 6.9632
49.05 3.97312 3.49184 10.6189 0 3.81952 0 6.9632 3.14368 7.4752
49.1 3.4816 3.80928 10.6189 0 3.29728 0 7.30112 3.30752 7.31136
49.15 3.47136 3.50208 10.6189 0 3.30752 0 7.29088 3.4816 7.13728
49.2 3.50208 3.65568 10.6189 0 3.4816 0 6.9632 3.81952 6.79936
49.25 3.80928 3.96288 10.6189 0 3.82976 0 7.31136 3.30752 7.31136
49.3 3.15392 3.30752 10.6189 0 3.30752 0 7.14752 3.64544 6.97344
49.35 3.49184 3.328 10.6189 0 3.49184 0 6.9632 3.81952 6.79936
49.4 3.49184 3.64544 10.7827 0 3.82976 0 7.13728 3.31776 7.30112
49.45 3.79904 3.79904 10.6189 0 3.47136 0 7.31136 3.4816 7.30112
49.5 3.30752 3.15392 10.6189 0 3.31776 0 7.30112 3.65568 6.9632
49.55 3.49184 3.4816 10.6189 0 3.80928 0 7.13728 3.66592 6.95296
49.6 3.98336 3.49184 10.6189 0 3.82976 0 6.9632 3.30752 7.31136
49.65 3.30752 3.80928 10.6189 0 3.30752 0 7.30112 3.4816 7.13728
49.7 3.4816 3.4816 10.6189 0 3.6352 0 7.30112 3.4816 7.13728
49.75 3.64544 3.33824 10.6189 0 3.49184 0 7.1168 3.66592 6.95296
49.8 3.98336 4.13696 10.6189 0 3.98336 0 6.97344 3.30752 7.3216
49.85 3.31776 3.30752 10.6189 0 3.30752 0 7.4752 3.4816 7.13728
49.9 3.64544 3.49184 10.6189 0 3.31776 0 6.9632 3.65568 6.9632
49.95 3.50208 3.66592 10.6189 0 3.65568 0 6.78912 3.65568 6.9632
50 3.79904 3.79904 10.6189 0 3.98336 0 7.4752 3.30752 7.31136
50.05 6.2464 15.5648 10.7827 1.47456 4.608 1.96608 9.25696 3.97312 7.30112
50.1 16.3635 16.8755 10.6189 1.96608 4.07552 2.12992 8.93952 3.81952 6.79936
50.15 16.1792 19.968 10.8032 3.2768 6.20544 3.76832 7.40352 3.11296 6.37952
50.2 20.0602 9.27744 10.6291 1.6384 2.84672 0.98304 1.90464 1.57696 9.04192
50.25 11.305 9.30816 10.6189 0.49152 4.43392 0 2.12992 4.51584 6.10304
50.3 1.78176 3.55328 10.2912 0 0.59392 0 0.512 5.30432 5.31456
50.35 0.53248 0.50176 1.03424 0 0.31744 0 0.49152 2.21184 0.512
50.4 2.9696 2.95936 2.47808 0 3.072 0 0.02048 0.32768 0.01024
50.45 0.14336 0.18432 0.67584 0 0.02048 0 0 2.80576 0
50.5 0.04096 0 0 0 0.16384 0 0 0 0
50.55 0 0 0 0 0 0 0 0 0
50.6 0 0 0.16384 0 0 0 0.16384 0 0
50.65 0 0 0.01024 0 0 0 0.33792 0 0.17408
50.7 0 0 0.34816 0 0 0 0 0 0.34816
50.75 0 0 0.65536 0 0 0 0.67584 0 0.69632
50.8 0 0 1.35168 0 0 0 1.35168 0 1.14688
50.85 0 0 0.90112 0 0 0 2.70336 0 0.24576
50.9 0 0 1.96608 0 0 0 0.8192 0 2.78528
50.95 0 0 4.56704 0 0 0 3.77856 0 4.68992
51 0 0 4.72064 0 0 0 4.85376 0 3.8912
51.05 0 0 3.72736 0 0 0 5.03808 0 2.304
51.1 0 0 2.59072 0 0.16384 0 3.40992 0 3.7376
51.15 0.16384 0.16384 4.39296 0 0 0 2.63168 0.17408 5.2224
51.2 0.01024 0.01024 5.24288 0 0.33792 0 4.57728 0 5.35552
51.25 0.32768 0.32768 5.74464 0 0 0 5.53984 0.32768 3.76832
51.3 0.02048 0.02048 3.62496 0 0.02048 0 5.7344 0.02048 3.31776
51.35 0.65536 0.65536 4.27008 0 0.65536 0 3.26656 0.65536 4.27008
51.4 0.04096 0.04096 4.75136 0 0.04096 0 3.62496 0.04096 5.91872
51.45 1.31072 1.31072 7.24992 0 1.31072 0 5.13024 0.16384 6.00064
51.5 0.08192 0.08192 6.1952 0 0.01024 0 6.22592 1.2288 3.9936
51.55 2.62144 2.62144 3.97312 0 2.69312 0 6.10304 0 4.00384
51.6 0.0512 0.11264 6.8608 0 0 0 3.1744 2.78528 4.80256
51.65 3.2256 2.01728 5.85728 0 3.2768 0 4.89472 0 6.52288
51.7 0.03072 1.25952 9.28768 0 0 0 5.66272 3.30752 4.54656
51.75 2.62144 1.88416 4.43392 0 3.47136 0 6.6048 0 5.04832
51.8 0.8192 1.52576 8.67328 0 0 0 4.56704 3.47136 5.39648
51.85 2.00704 0.64512 5.67296 0 3.4816 0 5.41696 0.01024 5.9392
51.9 1.6384 2.97984 9.728 0 0.16384 0 5.55008 3.42016 5.56032
51.95 1.52576 0.34816 5.72416 0 2.49856 0 6.72768 0.23552 6.08256
52 2.29376 3.44064 9.58464 0 1.32096 0 5.632 2.90816 5.74464
52.05 1.20832 0.22528 6.27712 0 2.14016 0 5.7344 0.9216 6.10304
52.1 2.78528 3.76832 9.216 0 1.85344 0 6.23616 2.22208 6.2464
52.15 0.69632 0.23552 7.44448 0 1.60768 0 6.11328 1.78176 6.44096
52.2 3.47136 3.93216 8.57088 0 2.56 0 6.912 1.85344 5.9392
52.25 0.32768 0.21504 7.99744 0 0.93184 0 6.10304 2.32448 6.76864
52.3 4.01408 3.47136 8.73472 0 3.40992 0 6.62528 1.34144 6.27712
52.35 0.13312 0.83968 9.12384 0 0.57344 0 6.59456 3.01056 6.95296
52.4 4.05504 3.0208 7.96672 0 3.9424 0 7.29088 0.82944 6.26688
52.45 0.41984 1.45408 9.91232 0 0.21504 0 6.6048 3.6864 6.93248
52.5 3.28704 2.41664 7.87456 0 4.1472 0 6.83008 0.6656 6.66624
52.55 1.37216 2.2528 10.537 0 0.36864 0 6.912 3.64544 6.77888
52.6 2.83648 1.95584 8.0896 0 3.49184 0 7.15776 0.72704 7.4752
52.65 2.01728 2.8672 10.3629 0 1.35168 0 7.29088 3.45088 6.79936
52.7 2.51904 1.35168 8.79616 0 3.15392 0 6.8096 1.25952 7.64928
52.75 2.5088 3.67616 10.1786 0 1.87392 0 7.95648 2.93888 7.12704
52.8 2.16064 1.18784 9.63584 0 2.63168 0 7.13728 1.9456 7.82336
52.85 3.03104 3.52256 10.2093 0 2.57024 0 8.18176 2.92864 7.14752
52.9 1.65888 1.49504 9.96352 0 2.63168 0 7.46496 2.29376 7.99744
52.95 3.38944 3.2256 10.5779 0 2.75456 0 7.84384 2.75456 7.49568
53 1.65888 1.81248 10.2912 0 2.4576 0 7.82336 2.62144 7.99744
53.05 3.23584 3.23584 10.5984 0 2.77504 0 8.3456 2.58048 7.69024
53.1 2.1504 2.14016 10.6189 0 2.11968 0 7.49568 2.63168 7.9872
53.15 3.09248 3.08224 10.6189 0 2.93888 0 8.192 2.41664 8.20224
53.2 2.304 2.47808 10.6189 0 2.27328 0 7.97696 2.63168 7.9872
53.25 3.09248 3.25632 10.6189 0 3.10272 0 8.18176 2.43712 8.18176
53.3 2.43712 2.46784 10.6189 0 2.43712 0 8.47872 2.79552 7.82336
53.35 3.2768 2.92864 10.6189 0 3.11296 0 7.85408 2.6112 8.00768
53.4 2.43712 2.43712 10.6189 0 2.44736 0 8.18176 2.95936 7.65952
53.45 2.95936 2.63168 10.6189 0 3.28704 0 7.8336 2.60096 8.01792
53.5 2.44736 2.93888 10.6189 0 2.28352 0 8.17152 2.94912 7.66976
53.55 2.63168 2.63168 10.6189 0 3.1232 0 7.82336 2.44736 8.17152
53.6 3.09248 3.10272 10.6189 0 2.60096 0 8.33536 2.6112 8.00768
53.65 2.64192 2.79552 10.7827 0 2.6112 0 7.49568 2.95936 7.65952
53.7 3.09248 2.92864 10.6189 0 3.1232 0 8.3456 2.78528 7.99744
53.75 2.6112 2.46784 10.6189 0 2.78528 0 8.15104 2.95936 7.65952
53.8 3.29728 2.78528 10.6189 0 3.1232 0 7.50592 2.7648 7.85408
53.85 2.4576 3.10272 10.6189 0 2.44736 0 8.00768 2.9696 7.64928
53.9 2.79552 2.79552 10.6189 0 3.13344 0 7.9872 2.4576 8.16128
53.95 3.09248 3.1232 10.6189 0 2.7648 0 7.9872 2.77504 7.84384
54 2.80576 2.63168 10.6189 0 2.78528 0 7.82336 3.1232 7.49568
54.05 3.11296 3.25632 10.6189 0 3.13344 0 7.85408 2.78528 7.8336
54.1 2.62144 2.62144 10.6189 0 2.62144 0 7.99744 2.9696 7.65952
54.15 2.79552 2.80576 10.6189 0 3.45088 0 7.64928 2.6112 8.00768
54.2 3.26656 3.1232 10.6189 0 2.6112 0 7.9872 2.78528 7.8336
54.25 2.80576 2.95936 10.6189 0 2.78528 0 7.65952 3.13344 7.48544
54.3 3.1232 3.10272 10.6189 0 3.29728 0 7.84384 2.93888 7.68
54.35 2.62144 2.62144 10.6189 0 2.63168 0 7.99744 2.99008 7.6288
54.4 2.95936 2.9696 10.6189 0 3.61472 0 7.64928 2.77504 7.84384
54.45 3.10272 3.11296 10.6291 0 2.62144 0 7.99744 2.78528 7.8336
54.5 3.1232 2.816 10.6189 0 2.78528 0 7.80288 3.13344 7.48544
54.55 3.29728 3.2768 10.6189 0 3.29728 0 7.50592 2.6112 8.00768
54.6 2.64192 2.94912 10.6189 0 2.6112 0 7.66976 3.45088 7.168
54.65 2.9696 2.9696 10.6189 0 2.99008 0 7.64928 2.9696 7.64928
54.7 3.10272 3.11296 10.6189 0 3.28704 0 7.99744 2.80576 7.81312
54.75 2.79552 2.78528 10.6189 0 2.94912 0 7.99744 3.14368 7.4752
54.8 3.1232 2.9696 10.6189 0 3.46112 0 7.48544 2.6112 8.00768
54.85 3.2768 3.28704 10.6189 0 2.77504 0 7.99744 2.95936 7.65952
54.9 3.1232 2.816 10.6189 0 2.79552 0 7.80288 3.13344 7.48544
54.95 3.29728 3.28704 10.6189 0 3.46112 0 7.65952 2.94912 7.66976
55 2.79552 3.13344 10.6189 0 2.63168 0 7.64928 2.95936 7.65952
55.05 4.29056 4.44416 10.9466 1.31072 4.27008 1.31072 8.79616 3.62496 7.81312
55.1 3.2768 3.26656 11.0694 0 3.28704 0 7.31136 3.4304 8.2944
55.15 2.64192 2.63168 10.6189 0 2.78528 0 7.49568 3.45088 7.33184
55.2 2.97984 2.97984 10.6189 0 2.99008 0 7.31136 2.97984 7.63904
55.25 3.44064 3.44064 10.6189 0 3.45088 0 7.99744 3.11296 7.50592
55.3 2.63168 2.79552 10.6189 0 2.80576 0 7.65952 3.31776 7.30112
55.35 3.14368 2.97984 10.6189 0 3.46112 0 7.4752 2.95936 7.65952
55.4 3.44064 3.44064 10.6189 0 2.95936 0 7.8336 2.95936 7.65952
55.45 2.80576 2.80576 10.6189 0 3.13344 0 7.81312 3.30752 7.31136
55.5 3.14368 3.13344 10.6189 0 3.46112 0 7.15776 2.79552 7.8336
55.55 3.44064 3.45088 10.6189 0 2.79552 0 7.9872 3.14368 7.4752
55.6 2.80576 2.80576 10.6189 0 3.29728 0 7.48544 3.29728 7.3216
55.65 3.6352 3.13344 10.6189 0 3.47136 0 7.64928 2.95936 7.65952
55.7 2.94912 3.45088 10.6189 0 2.95936 0 7.65952 2.9696 7.64928
55.75 3.13344 2.97984 10.6189 0 3.1232 0 7.63904 3.46112 7.15776
55.8 3.47136 3.13344 10.6189 0 3.31776 0 7.3216 2.80576 7.81312
55.85 2.95936 3.28704 10.6189 0 3.11296 0 7.82336 3.13344 7.48544
55.9 3.13344 2.99008 10.6291 0 3.13344 0 7.46496 3.46112 7.15776
55.95 3.47136 3.45088 10.6189 0 3.31776 0 7.49568 2.80576 7.81312
56 2.95936 3.1232 10.6189 0 3.11296 0 7.65952 3.13344 7.48544
56.05 3.30752 2.99008 10.6189 0 3.13344 0 7.30112 3.47136 7.14752
56.1 3.30752 3.45088 10.6189 0 3.31776 0 7.49568 2.9696 7.64928
56.15 2.95936 3.29728 10.6189 0 3.1232 0 7.64928 3.13344 7.48544
56.2 3.30752 2.99008 10.6189 0 3.13344 0 7.6288 3.29728 7.3216
56.25 3.6352 3.46112 10.6189 0 3.47136 0 7.168 3.13344 7.48544
56.3 2.79552 3.28704 10.6189 0 2.9696 0 7.9872 3.14368 7.4752
56.35 3.29728 3.15392 10.6189 0 3.29728 0 7.46496 3.29728 7.3216
56.4 3.64544 3.29728 10.6189 0 3.47136 0 7.3216 3.1232 7.49568
56.45 2.95936 3.46112 10.6189 0 2.9696 0 7.64928 3.15392 7.46496
56.5 3.14368 2.97984 10.7827 0 3.46112 0 7.31136 3.30752 7.31136
56.55 3.30752 3.30752 10.6189 0 3.47136 0 7.4752 3.1232 7.65952
56.6 3.46112 3.46112 10.6189 0 2.9696 0 7.48544 3.29728 7.3216
56.65 2.97984 3.13344 10.6189 0 3.14368 0 7.64928 3.49184 7.12704
56.7 3.30752 3.15392 10.6189 0 3.79904 0 7.30112 2.95936 7.65952
56.75 3.61472 3.62496 10.6189 0 2.95936 0 7.64928 3.13344 7.48544
56.8 2.99008 3.13344 10.6189 0 3.14368 0 7.15776 3.6352 6.98368
56.85 3.30752 3.14368 10.6189 0 3.328 0 7.31136 2.99008 7.6288
56.9 3.45088 3.62496 10.6189 0 3.45088 0 7.81312 3.13344 7.48544
56.95 3.30752 2.99008 10.6189 0 3.13344 0 7.30112 3.29728 7.33184
57 3.31776 3.47136 10.6189 0 3.30752 0 7.31136 3.4816 7.13728
57.05 3.46112 3.46112 10.6189 0 3.4816 0 7.48544 3.14368 7.4752
57.1 2.9696 3.13344 10.6189 0 3.46112 0 7.48544 3.30752 7.31136
57.15 3.47136 3.14368 10.6189 0 3.14368 0 7.4752 3.30752 7.31136
57.2 3.65568 3.31776 10.6189 0 3.6352 0 7.13728 3.1232 7.49568
57.25 3.13344 3.62496 10.6189 0 2.9696 0 7.64928 3.47136 7.14752
57.3 2.9696 3.13344 10.6291 0 3.31776 0 7.3216 3.50208 7.1168
57.35 3.4816 3.31776 10.6189 0 3.80928 0 7.30112 2.95936 7.65952
57.4 3.62496 3.47136 10.6189 0 3.1232 0 7.63904 3.29728 7.3216
57.45 3.30752 3.31776 10.6189 0 3.14368 0 7.13728 3.30752 7.31136
57.5 3.328 3.47136 10.6189 0 3.30752 0 7.14752 3.64544 6.97344
57.55 3.46112 3.46112 10.6189 0 3.65568 0 7.64928 3.15392 7.46496
57.6 3.1232 3.13344 10.6189 0 3.46112 0 7.64928 3.13344 7.48544
57.65 3.31776 3.15392 10.6189 0 3.13344 0 7.30112 3.4816 7.13728
57.7 3.97312 3.49184 10.6189 0 3.64544 0 6.97344 3.13344 7.48544
57.75 2.99008 3.7888 10.6189 0 2.9696 0 7.48544 3.46112 7.15776
57.8 3.14368 3.14368 10.6189 0 3.31776 0 7.31136 3.80928 6.8096
57.85 3.31776 3.30752 10.6189 0 3.50208 0 7.14752 3.00032 7.61856
57.9 3.61472 3.6352 10.6189 0 3.61472 0 7.80288 3.13344 7.48544
57.95 3.30752 3.14368 10.7827 0 3.29728 0 7.31136 3.31776 7.30112
58 3.6352 3.33824 10.6189 0 3.30752 0 7.44448 3.64544 7.13728
58.05 3.64544 3.7888 10.6189 0 3.64544 0 7.15776 3.28704 7.33184
58.1 3.16416 3.30752 10.6189 0 3.14368 0 7.14752 3.47136 7.14752
58.15 3.14368 3.30752 10.6189 0 3.328 0 7.31136 3.64544 6.97344
58.2 3.31776 3.31776 10.6189 0 3.49184 0 7.13728 3.16416 7.45472
58.25 3.77856 3.62496 10.6189 0 3.7888 0 7.64928 3.14368 7.4752
58.3 3.14368 3.14368 10.6189 0 3.29728 0 7.4752 3.30752 7.31136
58.35 3.64544 3.33824 10.6189 0 3.30752 0 7.1168 3.49184 7.13728
58.4 3.80928 3.6352 10.6189 0 3.64544 0 7.31136 3.28704 7.33184
58.45 3.15392 3.6352 10.6189 0 3.14368 0 7.31136 3.47136 7.14752
58.5 3.16416 3.30752 10.6189 0 3.31776 0 6.98368 3.64544 6.97344
58.55 3.4816 3.49184 10.6189 0 3.49184 0 7.29088 3.31776 7.30112
58.6 3.62496 3.61472 10.6189 0 3.6352 0 7.33184 3.4816 7.13728
58.65 3.13344 3.15392 10.6189 0 3.4816 0 7.46496 3.328 7.29088
58.7 3.4816 3.30752 10.6189 0 3.47136 0 7.31136 3.64544 6.97344
58.75 3.64544 3.328 10.6291 0 3.81952 0 7.12704 2.97984 7.63904
58.8 3.6352 3.79904 10.6189 0 3.28704 0 7.31136 3.29728 7.3216
58.85 3.47136 3.328 10.6189 0 3.14368 0 7.45472 3.4816 7.13728
58.9 3.328 3.49184 10.6189 0 3.4816 0 7.12704 3.64544 6.97344
58.95 3.80928 3.79904 10.6189 0 3.65568 0 7.31136 3.14368 7.4752
59 3.15392 3.46112 10.6189 0 3.13344 0 7.15776 3.6352 6.98368
59.05 3.31776 3.328 10.6189 0 3.49184 0 6.9632 3.64544 6.97344
59.1 3.49184 3.4816 10.6189 0 3.49184 0 7.31136 3.31776 7.30112
59.15 3.62496 3.7888 10.6189 0 3.6352 0 7.48544 3.4816 7.13728
59.2 3.31776 3.15392 10.6189 0 3.4816 0 7.13728 3.49184 7.12704
59.25 3.47136 3.31776 10.6189 0 3.64544 0 7.46496 3.64544 6.97344
59.3 3.49184 3.4816 10.6189 0 3.65568 0 6.97344 3.15392 7.46496
59.35 3.62496 3.6352 10.7827 0 3.46112 0 7.4752 3.47136 7.14752
59.4 3.4816 3.31776 10.6189 0 3.31776 0 7.30112 3.49184 7.29088
59.45 3.64544 3.50208 10.6189 0 3.4816 0 7.1168 3.65568 6.9632
59.5 3.65568 3.79904 10.6189 0 3.80928 0 6.98368 3.13344 7.48544
59.55 3.47136 3.4816 10.6189 0 3.30752 0 7.6288 3.4816 7.13728
59.6 3.31776 3.31776 10.6189 0 3.30752 0 7.13728 3.4816 7.13728
59.65 3.66592 3.65568 10.6189 0 3.49184 0 6.79936 3.64544 6.97344
59.7 3.7888 3.80928 10.6189 0 3.80928 0 7.46496 3.30752 7.31136
59.75 3.15392 3.30752 10.6189 0 3.30752 0 7.14752 3.4816 7.13728
59.8 3.49184 3.49184 10.6189 0 3.31776 0 6.9632 3.80928 6.81984
59.85 3.65568 3.65568 10.6189 0 3.51232 0 7.29088 3.16416 7.45472
59.9 3.6352 3.62496 10.6189 0 3.7888 0 7.15776 3.47136 7.14752
59.95 3.31776 3.49184 10.6189 0 3.4816 0 7.12704 3.64544 6.97344
60 3.49184 3.4816 10.6189 0 3.328 0 7.30112 3.65568 6.9632
60.05 5.4272 14.6022 10.7827 0.98304 4.62848 1.31072 8.6016 3.64544 7.6288
60.1 18.9235 11.4381 10.6189 1.31072 3.87072 0.98304 8.45824 3.4816 7.13728
60.15 19.8963 8.45824 8.32512 0 0.88064 0.98304 7.56736 1.41312 6.22592
60.2 19.968 9.89184 10.537 0.65536 2.92864 0 1.72032 3.08224 6.99392
60.25 11.1923 10.2093 10.6291 0.32768 4.77184 0 1.2288 3.85024 6.76864
60.3 3.18464 5.1712 10.6189 0 0.55296 0 0.36864 4.97664 5.64224
60.35 0.68608 0.67584 1.40288 0 0.4608 0 0.36864 3.23584 0.18432
60.4 1.86368 1.82272 0.52224 0 2.1504 0 0.01024 0.17408 0.01024
60.45 0.18432 0.27648 1.75104 0 0.01024 0 0 2.07872 0
60.5 0.11264 0.01024 0.01024 0 0.12288 0 0 0.01024 0
60.55 0 0 0 0 0 0 0 0 0
60.6 0 0 0.16384 0 0 0 0.16384 0 0.16384
60.65 0 0 0.01024 0 0 0 0.33792 0 0.01024
60.7 0 0 0.34816 0 0 0 0.02048 0 0.34816
60.75 0 0 0.69632 0 0 0 0.65536 0 0.69632
60.8 0 0 1.31072 0 0 0 1.35168 0 1.35168
60.85 0 0 2.53952 0 0 0 2.70336 0 0.36864
60.9 0 0 0.32768 0 0 0 2.62144 0 2.4576
60.95 0 0 4.98688 0 0 0 2.4064 0 5.04832
61 0 0 5.05856 0 0 0 5.09952 0 5.12
61.05 0 0 5.30432 0 0 0 5.38624 0 3.10272
61.1 0.16384 0 2.93888 0 0.16384 0 5.0688 0 2.72384
61.15 0 0.16384 3.1232 0 0 0 3.06176 0.17408 5.24288
61.2 0.01024 0.01024 5.65248 0 0.33792 0 3.28704 0 5.74464
61.25 0.32768 0.32768 6.08256 0 0 0 5.7856 0.34816 5.2736
61.3 0.02048 0.02048 5.02784 0 0.67584 0 6.08256 0 3.328
61.35 0.65536 0.65536 4.29056 0 0 0 4.94592 0.69632 3.90144
61.4 0.04096 0.04096 4.17792 0 0.69632 0 3.70688 0 5.77536
61.45 1.31072 1.31072 7.44448 0 0.65536 0 4.15744 1.31072 6.42048
61.5 0.08192 0.08192 6.5536 0 0.08192 0 6.48192 0.08192 5.46816
61.55 2.62144 2.62144 5.36576 0 2.62144 0 6.77888 0.49152 3.69664
61.6 0.09216 0.1536 6.78912 0 0.03072 0 3.55328 2.29376 4.9152
61.65 2.85696 2.304 5.8368 0 2.9184 0 5.72416 0 6.26688
61.7 0.07168 0.60416 8.66304 0 0 0 4.89472 2.95936 5.69344
61.75 2.88768 1.69984 5.74464 0 3.1232 0 7.20896 0 5.39648
61.8 0.2048 1.3824 8.52992 0 0 0 4.97664 3.13344 5.5808
61.85 2.27328 1.25952 5.98016 0 3.29728 0 6.05184 0 5.79584
61.9 0.99328 2.02752 8.94976 0 0 0 5.90848 3.28704 6.36928
61.95 1.65888 0.95232 6.3488 0 2.97984 0 6.10304 0.02048 5.80608
62 1.80224 2.5088 9.46176 0 0.49152 0 6.43072 3.40992 6.08256
62.05 1.35168 0.48128 6.42048 0 2.33472 0 6.42048 0.07168 6.76864
62.1 2.29376 3.1232 9.728 0 1.31072 0 6.28736 2.54976 6.10304
62.15 1.19808 0.2048 7.29088 0 1.46432 0 6.43072 1.10592 6.92224
62.2 2.62144 3.60448 9.07264 0 2.3552 0 7.424 1.87392 6.46144
62.25 0.6656 0.22528 8.1408 0 1.25952 0 5.95968 1.95584 6.62528
62.3 3.328 3.60448 8.91904 0 2.73408 0 7.44448 1.52576 6.95296
62.35 0.3072 0.3584 8.98048 0 0.91136 0 6.62528 2.47808 6.9632
62.4 3.86048 3.15392 8.61184 0 3.25632 0 7.4752 1.18784 6.95296
62.45 0.11264 0.9728 9.6256 0 0.72704 0 7.12704 2.99008 7.13728
62.5 3.57376 2.54976 8.50944 0 3.61472 0 7.15776 1.00352 6.98368
62.55 0.73728 1.77152 10.4141 0 0.38912 0 7.29088 3.30752 7.30112
62.6 2.79552 2.08896 8.3968 0 3.47136 0 7.65952 0.70656 7.82336
62.65 1.71008 2.39616 10.5677 0 0.69632 0 7.31136 3.2768 6.99392
62.7 2.48832 1.6384 8.94976 0 2.97984 0 7.49568 1.0752 8.16128
62.75 2.19136 3.04128 10.199 0 1.69984 0 7.95648 2.60096 7.31136
62.8 1.97632 1.49504 9.96352 0 2.44736 0 7.48544 1.77152 8.18176
62.85 2.87744 3.34848 9.8816 0 2.39616 0 8.51968 2.41664 7.4752
62.9 1.77152 1.32096 10.455 0 2.10944 0 7.80288 2.29376 8.16128
62.95 3.08224 2.88768 10.1069 0 2.9184 0 8.04864 2.4064 7.68
63 1.77152 1.77152 10.5984 0 1.9456 0 8.16128 2.63168 7.9872
63.05 2.7648 2.27328 8.48896 0 3.10272 0 3.92192 2.24256 8.04864
63.1 1.9456 2.7648 2.79552 0 1.93536 0 0.256 2.9696 0.07168
63.15 2.77504 2.28352 2.41664 0 3.1232 0 0 2.07872 0
63.2 2.43712 2.9184 2.92864 0 2.08896 0 0 3.13344 0
63.25 2.46784 2.304 2.29376 0 3.29728 0 0 2.07872 0
63.3 2.9184 2.9184 3.24608 0 1.92512 0 0 3.30752 0
63.35 2.48832 2.47808 2.31424 0 3.30752 0 0 1.92512 0
63.4 3.072 3.09248 3.40992 0 2.24256 0 0 3.59424 0
63.45 2.34496 2.47808 2.16064 0 2.5088 0 0 1.97632 0
63.5 3.38944 3.42016 3.57376 0 3.2256 0 0 3.584 0
63.55 2.3552 2.33472 2.16064 0 2.33472 0 0 2.16064 0
63.6 3.55328 3.7376 3.74784 0 3.57376 0 0 2.9184 0
63.65 2.52928 2.19136 2.00704 0 2.29376 0 0 3.00032 0
63.7 3.55328 4.05504 3.91168 0 3.7888 0 0 2.42688 0
63.75 2.51904 2.03776 2.19136 0 2.26304 0 0 3.66592 0
63.8 3.8912 4.21888 3.24608 0 3.81952 0 0 2.26304 0
63.85 2.32448 2.048 2.8672 0 2.43712 0 0 3.9936 0
63.9 4.27008 4.20864 2.74432 0 3.9936 0 0 2.28352 0
63.95 2.11968 2.21184 3.70688 0 2.42688 0 0 4.16768 0
64 4.48512 3.57376 2.4064 0 4.34176 0 0 2.27328 0
64.05 2.10944 2.82624 4.20864 0 2.26304 0 0 4.18816 0
64.1 4.66944 3.13344 2.4064 0 4.67968 0 0 2.42688 0
64.15 1.93536 3.60448 4.352 0 2.10944 0 0 4.37248 0
64.2 4.1984 2.52928 2.27328 0 5.00736 0 0 2.41664 0
64.25 2.75456 4.39296 4.63872 0 1.9456 0 0 4.7104 0
64.3 3.55328 2.39616 2.31424 0 5.19168 0 0 2.2528 0
64.35 3.57376 4.73088 4.77184 0 2.0992 0 0 5.02784 0
64.4 2.89792 2.4064 2.52928 0 4.72064 0 0 2.0992 0
64.45 4.41344 4.88448 4.73088 0 2.41664 0 0 5.3248 0
64.5 2.41664 2.42688 2.58048 0 4.08576 0 0 1.98656 0
64.55 4.89472 4.88448 5.04832 0 3.38944 0 0 4.95616 0
64.6 2.60096 2.60096 2.43712 0 3.40992 0 0 2.52928 0
64.65 5.04832 5.05856 5.376 0 4.07552 0 0 4.25984 0
64.7 2.4576 2.60096 2.28352 0 2.87744 0 0 3.39968 0
64.75 5.5296 5.38624 5.21216 0 4.94592 0 0 3.57376 0
64.8 2.43712 2.4576 2.62144 0 2.5088 0 0 4.08576 0
64.85 5.39648 5.70368 4.5568 0 5.4784 0 0 3.09248 0
64.9 2.56 2.31424 3.2768 0 2.47808 0 0 4.9152 0
64.95 5.60128 5.69344 4.08576 0 5.69344 0 0 2.42688 0
65 2.52928 2.4576 4.10624 0 2.27328 0 0 5.75488 0
65.05 6.9632 5.72416 4.23936 0.98304 7.05536 0.98304 0.98304 3.24608 0.98304
65.1 2.31424 3.54304 5.10976 0 2.26304 0 0 6.0928 0
65.15 6.03136 4.32128 2.59072 0 6.25664 0 0 2.27328 0
65.2 2.44736 4.16768 5.89824 0 2.42688 0 0 6.25664 0
65.25 5.4272 3.69664 2.304 0 6.26688 0 0 2.27328 0
65.3 3.25632 4.95616 6.18496 0 2.42688 0 0 6.27712 0
65.35 4.79232 3.09248 2.51904 0 6.59456 0 0 2.42688 0
65.4 4.07552 5.57056 6.30784 0 2.27328 0 0 6.42048 0
65.45 4.1472 2.65216 2.39616 0 5.94944 0 0 2.4576 0
65.5 4.72064 6.36928 6.6048 0 3.09248 0 0 6.7072 0
65.55 3.67616 2.68288 2.44736 0 5.4784 0 0 2.34496 0
65.6 5.53984 6.52288 6.72768 0 3.7376 0 0 6.33856 0
65.65 3.03104 2.70336 2.65216 0 4.63872 0 0 2.88768 0
65.7 6.36928 6.68672 6.69696 0 4.58752 0 0 5.64224 0
65.75 2.70336 2.54976 2.70336 0 4.10624 0 0 3.74784 0
65.8 6.8608 7.0144 6.53312 0 5.45792 0 0 4.95616 0
65.85 2.51904 2.54976 3.04128 0 3.40992 0 0 4.78208 0
65.9 7.2192 7.18848 5.87776 0 6.32832 0 0 4.096 0
65.95 2.47808 2.72384 3.87072 0 2.7136 0 0 5.48864 0
66 7.43424 6.8608 5.21216 0 7.19872 0 0 3.584 0
66.05 2.43712 3.03104 4.7104 0 2.34496 0 0 6.33856 0
66.1 7.48544 6.23616 4.5568 0 7.56736 0 0 2.9184 0
66.15 2.56 3.80928 5.53984 0 2.47808 0 0 7.0144 0
66.2 7.70048 5.632 3.91168 0 7.7824 0 0 2.42688 0
66.25 2.51904 4.58752 6.16448 0 2.27328 0 0 7.84384 0
66.3 7.08608 5.02784 3.45088 0 8.16128 0 0 2.42688 0
66.35 3.30752 5.36576 6.94272 0 2.27328 0 0 8.00768 0
66.4 6.48192 4.42368 2.84672 0 8.33536 0 0 2.43712 0
66.45 4.08576 5.98016 7.72096 0 2.42688 0 0 8.15104 0
66.5 5.87776 4.1472 2.57024 0 7.70048 0 0 2.304 0
66.55 4.89472 6.6048 8.17152 0 3.08224 0 0 8.43776 0
66.6 5.24288 3.52256 2.4576 0 7.05536 0 0 2.3552 0
66.65 5.70368 7.39328 8.45824 0 3.90144 0 0 7.90528 0
66.7 4.608 2.9184 2.49856 0 6.36928 0 0 3.2256 0
66.75 6.52288 8.17152 8.59136 0 4.77184 0 0 7.04512 0
66.8 3.96288 2.64192 2.54976 0 5.66272 0 0 4.096 0
66.85 7.17824 8.4992 8.05888 0 5.64224 0 0 6.3488 0
66.9 3.4304 2.816 3.25632 0 4.80256 0 0 4.9664 0
66.95 8.04864 8.6528 7.5264 0 6.67648 0 0 5.65248 0
67 2.73408 2.67264 3.96288 0 4.10624 0 0 5.8368 0
67.05 8.91904 8.6528 6.8608 0 7.38304 0 0 5.12 0
67.1 2.69312 2.9696 4.80256 0 3.57376 0 0 6.53312 0
67.15 9.13408 8.0384 6.1952 0 8.25344 0 0 4.43392 0
67.2 2.6624 3.91168 5.64224 0 2.87744 0 0 7.23968 0
67.25 9.0112 7.28064 5.5296 0 9.1136 0 0 3.91168 0
67.3 2.78528 4.67968 6.43072 0 2.51904 0 0 8.09984 0
67.35 8.57088 6.67648 4.93568 0 9.65632 0 0 3.25632 0
67.4 3.56352 5.45792 7.19872 0 2.31424 0 0 8.92928 0
67.45 7.96672 6.07232 4.33152 0 9.87136 0 0 2.59072 0
67.5 4.5056 6.23616 7.97696 0 2.43712 0 0 9.71776 0
67.55 7.18848 5.46816 3.72736 0 9.2672 0 0 2.31424 0
67.6 5.29408 7.0144 8.59136 0 3.24608 0 0 10.0147 0
67.65 6.58432 4.864 3.28704 0 8.62208 0 0 2.51904 0
67.7 6.07232 7.79264 9.3696 0 4.07552 0 0 9.48224 0
67.75 5.98016 4.2496 2.68288 0 7.936 0 0 3.072 0
67.8 6.8608 8.41728 10.1478 0 4.92544 0 0 8.93952 0
67.85 5.36576 3.80928 2.73408 0 7.41376 0 0 3.9424 0
67.9 7.66976 9.19552 9.61536 0 5.632 0 0 8.2432 0
67.95 4.67968 3.20512 3.2768 0 6.71744 0 0 4.97664 0
68 8.37632 9.97376 9.08288 0 6.51264 0 0 7.38304 0
68.05 4.1472 2.9184 4.13696 0 5.84704 0 0 5.84704 0
68.1 9.24672 9.80992 8.3968 0 7.54688 0 0 6.68672 0
68.15 3.45088 3.3792 5.00736 0 5.15072 0 0 6.71744 0
68.2 10.1171 9.3696 7.70048 0 8.41728 0 0 5.9904 0
68.25 2.75456 4.15744 6.0416 0 4.4544 0 0 7.5776 0
68.3 10.496 8.7552 6.8608 0 9.28768 0 0 5.30432 0
68.35 3.04128 4.94592 6.84032 0 3.75808 0 0 8.448 0
68.4 10.0659 8.15104 6.2464 0 9.99424 0 0 4.608 0
68.45 3.80928 5.72416 7.6288 0 3.2256 0 0 9.30816 0
68.5 9.46176 7.55712 5.64224 0 10.7008 0 0 3.92192 0
68.55 4.42368 6.49216 8.40704 0 2.69312 0 0 9.96352 0
68.6 9.02144 6.95296 5.03808 0 10.7418 0 0 3.47136 0
68.65 5.20192 7.2704 9.18528 0 3.4816 0 0 10.5882 0
68.7 8.41728 6.3488 4.43392 0 10.1274 0 0 3.03104 0
68.75 6.144 8.04864 9.79968 0 4.10624 0 0 10.5472 0
68.8 7.63904 5.90848 3.9936 0 9.63584 0 0 3.56352 0
68.85 6.93248 8.67328 10.4141 0 4.95616 0 0 10.1888 0
68.9 7.0144 5.29408 3.55328 0 8.96 0 0 4.27008 0
68.95 7.7312 9.45152 10.3731 0 5.81632 0 0 9.65632 0
69 6.35904 4.68992 3.76832 0 8.27392 0 0 5.15072 0
69.05 8.56064 10.2298 10.3322 0 6.85056 0 0 8.94976 0
69.1 5.70368 4.06528 4.47488 0 7.41376 0 0 6.02112 0
69.15 9.43104 10.2093 9.79968 0 7.72096 0 0 8.25344 0
69.2 5.00736 4.22912 5.34528 0 6.5536 0 0 6.89152 0
69.25 10.3014 10.2195 9.2672 0 8.7552 0 0 7.55712 0
69.3 4.31104 4.39296 5.86752 0 5.85728 0 0 7.76192 0
69.35 10.3424 10.2502 8.7552 0 9.6256 0 0 7.02464 0
69.4 4.44416 5.19168 6.68672 0 5.16096 0 0 8.46848 0
69.45 10.3936 9.63584 8.11008 0 10.496 0 0 6.32832 0
69.5 4.57728 5.81632 7.66976 0 4.46464 0 0 9.30816 0
69.55 10.4448 9.19552 7.30112 0 10.711 0 0 5.66272 0
69.6 5.0176 6.59456 8.48896 0 4.42368 0 0 10.1274 0
69.65 10.1683 8.59136 6.69696 0 10.7622 0 0 5.0176 0
69.7 5.632 7.3728 9.2672 0 4.54656 0 0 10.6189 0
69.75 9.728 7.9872 6.0928 0 10.7827 0 0 4.70016 0
69.8 6.41024 8.31488 10.0454 0 4.70016 0 0 10.6189 0
69.85 9.12384 7.2192 5.4784 0 10.7827 0 0 4.90496 0
69.9 7.18848 9.09312 10.5062 0 5.36576 0 0 10.5984 0
69.95 8.48896 6.61504 5.20192 0 10.2912 0 0 5.09952 0
70 7.99744 9.87136 10.4653 0 6.1952 0 0 10.5677 0
70.05 8.32512 6.66624 6.2464 0.98304 10.3014 0.98304 0.98304 6.2976 0.98304
70.1 9.30816 10.1376 10.0557 0 7.18848 0 0 9.99424 0
70.15 6.66624 5.85728 6.00064 0 8.61184 0 0 6.71744 0
70.2 10.1683 10.1683 10.025 0 8.26368 0 0 9.30816 0
70.25 6.17472 6.17472 6.3488 0 7.92576 0 0 7.41376 0
70.3 10.1888 10.0147 9.84064 0 9.27744 0 0 8.77568 0
70.35 6.16448 6.33856 6.84032 0 7.07584 0 0 8.28416 0
70.4 10.2195 10.025 9.5232 0 10.1478 0 0 8.07936 0
70.45 6.47168 6.5024 7.49568 0 6.37952 0 0 9.14432 0
70.5 10.1069 10.0454 9.05216 0 10.6906 0 0 7.40352 0
70.55 6.59456 6.81984 8.30464 0 6.17472 0 0 10.1171 0
70.6 10.1478 9.90208 8.40704 0 10.5882 0 0 6.59456 0
70.65 6.72768 7.46496 9.13408 0 6.28736 0 0 10.6086 0
70.7 10.2093 9.46176 7.75168 0 10.6189 0 0 6.4512 0
70.75 7.168 8.2432 9.95328 0 6.6048 0 0 10.4346 0
70.8 10.0966 8.84736 7.12704 0 10.4448 0 0 6.62528 0
70.85 7.12704 8.86784 10.5882 0 6.77888 0 0 10.4346 0
70.9 10.1274 8.40704 6.66624 0 10.4448 0 0 6.79936 0
70.95 7.92576 9.64608 10.5677 0 6.95296 0 0 10.4346 0
71 9.472 7.80288 7.04512 0 10.4448 0 0 7.14752 0
71.05 8.6016 10.4243 10.3629 0 7.30112 0 0 10.2605 0
71.1 8.97024 7.17824 7.24992 0 10.2707 0 0 7.33184 0
71.15 9.43104 10.4038 10.3322 0 7.80288 0 0 10.2502 0
71.2 8.31488 7.34208 7.6288 0 9.94304 0 0 7.54688 0
71.25 10.2707 10.5882 10.1274 0 8.46848 0 0 10.2093 0
71.3 7.64928 7.50592 7.8336 0 9.45152 0 0 7.91552 0
71.35 10.4448 10.4243 10.0966 0 9.30816 0 0 10.0147 0
71.4 7.64928 7.66976 7.99744 0 8.78592 0 0 8.62208 0
71.45 10.455 10.4448 10.1069 0 10.1683 0 0 9.48224 0
71.5 7.97696 8.15104 8.32512 0 7.936 0 0 9.472 0
71.55 10.3117 10.1376 9.96352 0 10.711 0 0 8.8064 0
71.6 8.13056 8.30464 8.64256 0 7.7312 0 0 10.1274 0
71.65 10.3424 10.1478 9.80992 0 10.752 0 0 8.32512 0
71.7 8.27392 8.46848 9.46176 0 7.86432 0 0 10.6189 0
71.75 10.3834 10.1581 9.33888 0 10.7827 0 0 8.01792 0
71.8 8.57088 8.79616 9.94304 0 8.17152 0 0 10.7725 0
71.85 10.2707 10.0147 8.8576 0 10.6189 0 0 8.192 0
71.9 8.69376 9.27744 10.5984 0 8.3456 0 0 10.6086 0
71.95 10.3014 9.728 8.37632 0 10.6189 0 0 8.37632 0
72 8.84736 9.90208 10.5984 0 8.68352 0 0 10.5984 0
72.05 10.2912 9.28768 8.56064 0 10.455 0 0 8.71424 0
72.1 9.18528 10.5165 10.5882 0 8.86784 0 0 10.4346 0
72.15 10.1274 8.81664 8.7552 0 10.4448 0 0 8.88832 0
72.2 9.85088 10.5062 10.5677 0 9.04192 0 0 10.4346 0
72.25 9.63584 8.98048 9.12384 0 10.4448 0 0 9.23648 0
72.3 10.5267 10.5165 10.3731 0 9.39008 0 0 10.2605 0
72.35 9.13408 9.14432 9.30816 0 10.2707 0 0 9.4208 0
72.4 10.537 10.5267 10.3629 0 9.728 0 0 10.2605 0
72.45 9.29792 9.30816 9.472 0 10.1069 0 0 9.61536 0
72.5 10.5574 10.537 10.3731 0 10.5574 0 0 10.2298 0
72.55 9.45152 9.63584 9.79968 0 9.46176 0 0 9.96352 0
72.6 10.5677 10.3936 10.2195 0 10.7418 0 0 10.0557 0
72.65 9.61536 9.78944 9.96352 0 9.44128 0 0 10.455 0
72.7 10.5779 10.4038 10.2298 0 10.7725 0 0 9.73824 0
72.75 9.7792 10.1171 10.1274 0 9.58464 0 0 10.6189 0
72.8 10.5984 10.2605 10.2502 0 10.7827 0 0 9.74848 0
72.85 10.0966 10.2707 10.4448 0 9.74848 0 0 10.6189 0
72.9 10.4448 10.2707 10.0966 0 10.7827 0 0 9.92256 0
72.95 10.2605 10.4346 10.6086 0 9.92256 0 0 10.6189 0
73 10.455 10.281 10.1171 0 10.7827 0 0 10.0966 0
73.05 10.5882 10.5984 10.6086 0 10.2605 0 0 10.6189 0
73.1 10.455 10.2912 10.281 0 10.6189 0 0 10.281 0
73.15 10.5984 10.5984 10.6086 0 10.4346 0 0 10.6086 0
73.2 10.455 10.455 10.455 0 10.6189 0 0 10.455 0
73.25 10.6086 10.6086 10.6086 0 10.6086 0 0 10.6086 0
73.3 10.6189 10.6189 10.6189 0 10.6189 0 0 10.6189 0
73.35 10.6189 10.6189 10.6189 0 10.6189 0 0 10.6189 0
73.4 10.6189 10.6189 10.6189 0 10.7827 0 0 10.6189 0
73.45 10.6189 10.7827 10.6189 0 10.6189 0 0 10.6189 0
73.5 10.6189 10.6189 10.6189 0 10.7827 0 0 10.6189 0
73.55 10.6189 10.6291 10.6189 0 10.6189 0 0 10.6189 0
73.6 10.6189 10.6189 10.6189 0 10.7827 0 0 10.6189 0
73.65 10.6189 10.6189 10.6189 0 10.6189 0 0 10.6189 0
73.7 10.6189 10.6189 10.6189 0 10.7827 0 0 10.6189 0
73.75 10.6189 10.6189 10.7827 0 10.6189 0 0 10.6189 0
73.8 10.6189 10.6189 10.6189 0 10.6189 0 0 10.7827 0
73.85 10.6189 10.6189 10.6189 0 10.7827 0 0 10.6189 0
73.9 10.6291 10.6189 10.6189 0 10.6189 0 0 10.6189 0
73.95 10.6189 10.6189 10.6189 0 10.7827 0 0 10.6189 0
74 10.6189 10.6189 10.6189 0 10.6189 0 0 10.6189 0
74.05 10.6189 10.6189 10.6189 0 10.7827 0 0 10.6189 0
74.1 10.6189 10.6189 10.6189 0 10.6189 0 0 10.6189 0
74.15 10.6189 10.6189 10.6189 0 10.7827 0 0 10.6189 0
74.2 10.6189 10.6189 10.6189 0 10.6189 0 0 10.6291 0
74.25 10.6189 10.6189 10.6189 0 10.7827 0 0 10.6189 0
74.3 10.6189 10.6189 10.6189 0 10.6291 0 0 10.6189 0
74.35 10.6189 10.6189 10.6189 0 10.7827 0 0 10.6189 0
74.4 10.6189 10.6189 10.6189 0 10.7827 0 0 10.6189 0
74.45 10.6189 10.6189 10.6189 0 10.6189 0 0 10.6189 0
74.5 10.6189 10.6189 10.6189 0 10.7827 0 0 10.6189 0
74.55 10.6189 10.6189 10.6291 0 10.6189 0 0 10.6189 0
74.6 10.7827 10.6189 10.6189 0 10.7827 0 0 10.6189 0
74.65 10.6189 10.6189 10.6189 0 10.6189 0 0 10.6189 0
74.7 10.6189 10.6189 10.6189 0 10.6189 0 0 10.6189 0
74.75 10.6189 10.6189 10.6189 0 10.7827 0 0 10.6189 0
74.8 10.6189 10.6189 10.6189 0 10.6189 0 0 10.6189 0
74.85 10.2912 10.6189 10.6189 0 5.86752 0 0 10.6189 0
74.9 0.62464 2.59072 4.72064 0 0.62464 0 0 6.73792 0
