0 2048 2048 2048 1024 1024 1024 1024 1024 1024
0.05 0 0 0 0 0 0 0 0 0
0.1 0 0 0 0 0 0 0 0 0
0.15 0 0 0 0 0 0 0 0 0
0.2 0 0 0 0 0 0 0 0 0
0.25 0 0 0 0 0 0 0 0 0
0.3 0 0 0 0 0 0 0 0 0
0.35 0 0 0 0 0 0 0 0 0
0.4 0 0 0 0 0 0 0 0 0
0.45 0 0 0 0 0 0 0 0 0
0.5 0 0 0 0 0 0 0 0 0
0.55 0 0 0 0 0 0 0 0 0
0.6 0 0 0 0 0 0 0 0 0
0.65 0 0 0 0 0 0 0 0 0
0.7 0 0 0 0 0 0 0 0 0
0.75 0 0 0 0 0 0 0 0 0
0.8 0 0 0 0 0 0 0 0 0
0.85 0 0 1024 0 0 0 0 0 0
0.9 0 0 0 0 0 0 0 0 0
0.95 0 1024 1024 0 0 0 0 0 0
1 0 64 0 0 0 0 0 0 0
1.05 5120 1024 0 0 5120 0 0 0 0
1.1 0 64 0 0 0 0 0 1024 0
1.15 4096 1024 0 0 27648 0 0 0 0
1.2 17408 1024 1024 0 0 0 0 1024 0
1.25 3072 1024 0 0 23552 0 0 0 0
1.3 16384 1024 1024 0 73728 0 0 1024 0
1.35 28672 1024 1024 0 59392 0 0 1024 0
1.4 40960 1024 1024 0 109568 0 0 1024 0
1.45 53248 1024 1024 0 128000 0 0 1024 0
1.5 66624 1024 1024 0 128000 0 0 0 0
1.55 78912 1024 1024 0 126976 0 0 0 0
1.6 91136 1024 1024 0 126976 0 0 0 0
1.65 103424 1024 1024 0 126976 0 0 0 0
1.7 116736 1024 1024 0 128000 0 0 0 0
1.75 128000 1024 1024 0 126976 0 0 1024 0
1.8 128000 1024 1024 0 126976 0 0 1088 0
1.85 128000 1024 1024 0 126976 0 0 1088 0
1.9 128000 1024 1024 0 127040 0 0 1024 0
1.95 128000 1024 1024 0 128064 0 0 1024 0
2 128000 1024 1024 0 126976 0 0 1024 0
2.05 128000 1024 1024 0 126976 0 0 1024 0
2.1 128000 1024 1024 0 126976 0 0 1024 0
2.15 128000 1024 1024 0 126976 0 0 1024 0
2.2 128000 1024 1088 0 126976 0 0 1024 0
2.25 128000 1024 1024 0 128000 0 0 1024 0
2.3 126976 1024 1024 0 62464 0 0 1024 0
2.35 126976 1024 1024 0 0 0 0 1024 0
2.4 66560 1024 1024 0 0 0 0 1024 0
2.45 4096 1024 1024 0 0 0 0 1024 0
2.5 0 0 0 0 0 0 0 0 0
2.55 0 0 0 0 0 0 0 0 0
2.6 0 0 0 0 0 0 0 0 0
2.65 0 0 0 0 2048 0 0 0 0
2.7 0 0 0 0 0 0 0 0 0
2.75 0 0 0 0 0 0 0 0 0
2.8 0 0 0 0 0 0 0 1024 0
2.85 0 0 0 0 0 0 0 0 0
2.9 0 0 1024 0 0 0 0 0 0
2.95 0 0 0 0 0 0 0 0 0
3 0 1024 1024 0 0 0 0 0 0
3.05 0 0 0 0 0 0 0 0 0
3.1 7168 1024 1024 0 15360 0 0 0 0
3.15 0 0 1024 0 0 0 0 1024 0
3.2 6208 1024 0 0 31744 0 0 0 0
3.25 18432 1024 1024 0 11264 0 0 0 0
3.3 6144 1024 1024 0 27648 0 0 0 0
3.35 18432 1024 1024 0 76800 0 0 0 0
3.4 30720 1024 1024 0 126976 0 0 0 0
3.45 43008 1024 1024 0 126976 0 0 1024 0
3.5 56320 1024 1024 0 128000 0 0 1088 0
3.55 68608 1024 1024 0 126976 0 0 1088 0
3.6 80896 1024 1024 0 127040 0 0 1024 0
3.65 93184 1024 1024 0 127040 0 0 1024 0
3.7 106496 1024 1024 0 126976 0 0 1024 0
3.75 118784 1024 1024 0 69632 0 0 1024 0
3.8 128000 1024 1024 0 0 0 0 1024 0
3.85 73728 1024 1024 0 0 0 0 1024 0
3.9 11264 1024 1088 0 0 0 0 1024 0
3.95 0 0 0 0 0 0 0 0 0
4 1024 0 0 0 1024 0 0 0 0
4.05 0 0 0 0 0 0 0 0 0
4.1 0 0 0 0 0 0 0 0 0
4.15 0 0 1024 0 0 0 0 0 0
4.2 0 0 0 0 0 0 0 0 0
4.25 0 0 0 0 0 0 0 0 0
4.3 0 0 0 0 0 0 0 0 0
4.35 0 1024 0 0 0 0 0 0 0
4.4 0 0 0 0 0 0 0 0 0
4.45 0 0 0 0 0 0 0 0 0
4.5 0 0 0 0 0 0 0 0 0
4.55 2048 0 0 0 0 0 0 0 0
4.6 0 0 0 0 0 0 0 0 0
4.65 1024 0 0 0 14336 0 0 0 0
4.7 0 0 0 0 0 0 0 1024 0
4.75 0 0 0 0 10240 0 0 0 0
4.8 6144 1024 1024 0 0 0 0 1024 0
4.85 0 0 0 0 6144 0 0 0 0
4.9 12288 1024 1024 0 50176 0 0 1024 0
4.95 14336 1024 1024 0 2048 0 0 1024 0
5 14336 3072 3072 1024 29696 1024 1024 2048 1024
5.05 26624 2048 1024 0 20480 0 0 0 0
5.1 36928 1024 1024 0 4096 0 0 0 0
5.15 43008 1024 1024 0 1024 0 0 0 0
5.2 43008 1024 1024 0 1024 0 0 0 0
5.25 43008 1024 1024 0 1024 0 0 0 0
5.3 44032 1024 1024 0 1024 0 0 1024 0
5.35 44032 1024 1024 0 1024 0 0 1088 0
5.4 44032 1024 1024 0 1024 0 0 1088 0
5.45 45056 1024 1024 0 1088 0 0 1024 0
5.5 45056 1024 1024 0 1088 0 0 1024 0
5.55 46080 1024 1024 0 1024 0 0 1024 0
5.6 46080 1024 1024 0 0 0 0 1024 0
5.65 46080 1024 1024 0 0 0 0 1024 0
5.7 47104 1024 1024 0 0 0 0 1024 0
5.75 47104 1024 1088 0 0 0 0 1024 0
5.8 47104 1024 1024 0 0 0 0 1024 0
5.85 47104 1024 1024 0 1024 0 0 1024 0
5.9 48128 1024 1024 0 1024 0 0 1024 0
5.95 48128 1024 1024 0 1024 0 0 1024 0
6 49152 1024 1024 0 1024 0 0 1024 0
6.05 49152 1024 1024 0 1024 0 0 1024 0
6.1 49152 1088 1024 0 2048 0 0 1024 0
6.15 50176 1088 1024 0 1024 0 0 1024 0
6.2 50176 1024 1024 0 1024 0 0 1024 0
6.25 50176 1024 1024 0 1024 0 0 1024 0
6.3 51200 1024 1024 0 1024 0 0 1024 0
6.35 51200 1024 1024 0 1024 0 0 1024 0
6.4 52224 1024 1024 0 1024 0 0 1024 0
6.45 52224 1024 1024 0 1024 0 0 1024 0
6.5 52288 1024 1024 0 1024 0 0 0 0
6.55 53312 1024 1024 0 1024 0 0 0 0
6.6 53248 1024 1024 0 1024 0 0 0 0
6.65 53248 1024 1024 0 1024 0 0 0 0
6.7 54272 1024 1024 0 1024 0 0 0 0
6.75 54272 1024 1024 0 1024 0 0 1024 0
6.8 54272 1024 1024 0 1024 0 0 1088 0
6.85 55296 1024 1024 0 1024 0 0 1024 0
6.9 55296 1024 1024 0 1088 0 0 1024 0
6.95 55296 1024 1024 0 1024 0 0 1024 0
7 56320 1024 1024 0 0 0 0 1024 0
7.05 56320 1024 1024 0 0 0 0 1024 0
7.1 56320 1024 1024 0 0 0 0 1024 0
7.15 57344 1024 1088 0 0 0 0 1024 0
7.2 57344 1024 1088 0 0 0 0 1024 0
7.25 56320 1024 1024 0 1024 0 0 1024 0
7.3 58368 1024 1024 0 1024 0 0 1024 0
7.35 58368 1024 1024 0 1024 0 0 1024 0
7.4 58368 1024 1024 0 1024 0 0 1024 0
7.45 59392 1024 1024 0 1024 0 0 1024 0
7.5 59392 1024 1024 0 1024 0 0 1024 0
7.55 59392 1088 1024 0 1024 0 0 1024 0
7.6 60416 1088 1024 0 1024 0 0 1024 0
7.65 60416 1024 1024 0 1024 0 0 1024 0
7.7 60416 1024 1024 0 1024 0 0 1024 0
7.75 61440 1024 1024 0 1024 0 0 1024 0
7.8 61440 1024 1024 0 1024 0 0 1024 0
7.85 61440 1024 1024 0 1024 0 0 1024 0
7.9 62528 1024 1024 0 1024 0 0 0 0
7.95 62528 1024 1024 0 1024 0 0 0 0
8 62464 1024 1024 0 1024 0 0 0 0
8.05 63488 1024 1024 0 1024 0 0 0 0
8.1 63488 1024 1024 0 1024 0 0 0 0
8.15 63488 1024 1024 0 1024 0 0 1024 0
8.2 64512 1024 1024 0 1024 0 0 1088 0
8.25 64512 1024 1024 0 1024 0 0 1088 0
8.3 64512 1024 1024 0 1088 0 0 1024 0
8.35 65536 1024 1024 0 1088 0 0 1024 0
8.4 65536 1024 1024 0 1024 0 0 1024 0
8.45 65536 1024 1024 0 0 0 0 1024 0
8.5 66560 1024 1024 0 0 0 0 1024 0
8.55 66560 1024 1024 0 0 0 0 1024 0
8.6 66560 1024 1088 0 0 0 0 1024 0
8.65 66560 1024 1024 0 1024 0 0 1024 0
8.7 66560 1024 1024 0 1024 0 0 1024 0
8.75 67584 1024 1024 0 1024 0 0 1024 0
8.8 67584 1024 1024 0 1024 0 0 1024 0
8.85 68608 1024 1024 0 1024 0 0 1024 0
8.9 68608 1024 1024 0 1024 0 0 1024 0
8.95 68608 1088 1024 0 1024 0 0 1024 0
9 69632 1088 1024 0 1024 0 0 1024 0
9.05 69632 1024 1024 0 1024 0 0 1024 0
9.1 69632 1024 1024 0 1024 0 0 1024 0
9.15 70656 1024 1024 0 1024 0 0 1024 0
9.2 70656 1024 1024 0 1024 0 0 1024 0
9.25 70656 1024 1024 0 1024 0 0 1024 0
9.3 71680 1024 1024 0 1024 0 0 1024 0
9.35 71744 1024 1024 0 1024 0 0 0 0
9.4 71744 1024 1024 0 1024 0 0 0 0
9.45 72704 1024 1024 0 1024 0 0 0 0
9.5 72704 1024 1024 0 1024 0 0 0 0
9.55 72704 1024 1024 0 1024 0 0 1024 0
9.6 72704 1024 1024 0 1024 0 0 1024 0
9.65 73728 1024 1024 0 1024 0 0 1088 0
9.7 73728 1024 1024 0 1024 0 0 1024 0
9.75 73728 1024 1024 0 1088 0 0 1024 0
9.8 74752 1024 1024 0 1024 0 0 1024 0
9.85 74752 1024 1024 0 0 0 0 1024 0
9.9 74752 1024 1024 0 0 0 0 1024 0
9.95 75776 1024 1024 0 0 0 0 1024 0
10 75776 1024 1088 1024 0 0 0 1024 0
10.05 79872 3072 1088 0 3072 0 0 1024 0
10.1 77824 1024 1024 0 1024 0 0 1024 0
10.15 81920 1024 1024 0 1024 0 0 1024 0
10.2 79872 1024 1024 0 1024 0 0 1024 0
10.25 79872 1024 1024 2048 2048 0 0 1024 0
10.3 87040 1024 1024 0 1024 0 0 1024 0
10.35 83968 1024 0 0 1024 0 0 1024 0
10.4 96256 1088 1024 0 1024 0 0 1024 0
10.45 91136 1024 1024 0 1024 0 0 1024 0
10.5 91136 1024 1024 0 1024 0 0 1024 0
10.55 115712 1024 1024 0 0 0 0 1024 0
10.6 103424 1024 1024 0 1024 0 0 1024 0
10.65 105472 1024 1024 2048 1024 0 0 1024 0
10.7 121856 1024 1024 0 1024 0 0 1024 0
10.75 103488 0 1024 0 1024 1024 0 0 0
10.8 111680 1024 1024 2048 1024 0 0 0 0
10.85 119808 1024 1024 0 0 0 0 0 0
10.9 104448 0 0 0 1024 1024 0 0 0
10.95 116736 1024 1024 2048 1024 0 0 0 0
11 115712 1024 1024 0 0 0 0 1024 0
11.05 104448 1024 0 0 1024 0 0 1088 0
11.1 121856 1024 1024 2048 1024 0 0 1024 0
11.15 113664 1024 1024 0 1088 0 0 1024 0
11.2 93184 1024 1024 0 0 0 0 1024 0
11.25 54272 1024 1024 1024 0 0 0 1024 0
11.3 34816 0 0 0 0 1024 0 1024 0
11.35 49152 1024 1024 25600 0 0 0 1024 0
11.4 93184 1024 1088 0 0 0 0 0 0
11.45 71680 1024 1024 1024 0 0 0 1024 0
11.5 67584 0 0 0 0 1024 0 0 0
11.55 4096 0 0 0 0 1024 0 0 0
11.6 0 0 0 0 0 0 0 0 0
11.65 0 0 0 0 0 0 0 0 0
11.7 0 0 0 0 0 0 0 0 0
11.75 0 0 0 0 0 0 0 0 0
11.8 0 0 0 3072 0 0 0 0 0
11.85 0 0 0 0 0 0 0 0 0
11.9 0 0 0 0 0 1024 0 0 0
11.95 7168 0 0 14336 0 1024 0 0 0
12 4096 0 0 22528 0 1024 0 0 0
12.05 16384 0 0 25600 0 1024 0 0 0
12.1 29696 0 0 13312 0 1024 0 0 0
12.15 43008 0 0 2048 0 1024 0 0 0
12.2 46080 0 64 0 0 1024 0 0 0
12.25 46080 0 0 0 0 1024 0 0 0
12.3 47104 1024 0 0 0 0 0 0 0
12.35 47104 0 0 1024 0 0 0 0 0
12.4 51200 0 0 1024 0 0 0 0 0
12.45 52224 0 1024 1024 0 0 0 0 0
12.5 48128 0 0 1024 0 0 0 0 0
12.55 57344 0 0 1024 0 0 0 0 0
12.6 57344 0 1024 1024 0 1024 0 0 0
12.65 50176 0 0 1024 0 1088 0 0 0
12.7 66560 0 0 1024 0 1024 0 0 0
12.75 67584 0 1024 1024 0 1024 0 0 0
12.8 51200 0 0 1024 0 1024 0 0 0
12.85 83968 0 0 2048 0 1024 0 0 0
12.9 84992 0 1024 1024 0 1024 0 1024 0
12.95 65600 0 0 0 0 1024 0 0 0
13 100416 0 0 1024 1024 1024 0 0 0
13.05 108544 0 1024 1024 0 1024 0 0 0
13.1 86016 0 0 0 0 1024 0 0 0
13.15 86016 0 0 1024 1024 1024 0 0 0
13.2 109568 1024 1024 1024 0 0 0 0 0
13.25 101376 0 1024 1024 0 1024 0 64 0
13.3 90112 0 1024 0 64 1024 0 0 0
13.35 97280 0 0 1024 1024 1024 0 0 0
13.4 113664 0 0 1024 0 1024 0 1024 0
13.45 91136 0 1024 0 0 1024 0 1024 0
13.5 97280 0 0 0 0 1024 0 0 0
13.55 106496 1024 1024 0 0 0 0 0 0
13.6 105472 0 1024 0 0 1024 0 1024 0
13.65 97280 0 64 0 0 1024 0 0 0
13.7 101376 0 0 0 0 1024 0 0 0
13.75 110592 0 1024 1024 0 0 0 0 0
13.8 98304 1024 0 1024 0 0 0 0 0
13.85 103424 0 0 0 1024 0 0 1024 0
13.9 106496 0 0 1024 1024 0 0 0 0
13.95 110592 1024 1024 1024 0 0 0 1024 0
14 104448 0 0 0 0 1024 0 0 0
14.05 107520 0 0 1024 1024 1088 0 0 0
14.1 109568 0 0 1024 0 1088 0 0 0
14.15 109568 0 0 0 0 1024 0 1024 0
14.2 107520 0 0 0 1024 1024 0 0 0
14.25 111616 0 1024 0 0 1024 0 0 0
14.3 114688 0 0 1024 0 1024 0 1024 0
14.35 109632 0 1024 0 0 1024 0 0 0
14.4 110592 0 1024 1024 1024 1024 0 0 0
14.45 113728 0 0 1024 0 1024 0 0 0
14.5 116736 0 1024 1024 0 1024 0 0 0
14.55 110592 1024 0 1024 0 0 0 0 0
14.6 114688 0 0 0 0 1024 0 0 0
14.65 114688 0 0 1024 0 1024 0 0 0
14.7 116736 0 0 1024 1024 1024 0 0 0
14.75 114688 1024 0 1024 64 0 0 0 0
14.8 116736 1024 1024 1024 1024 0 0 0 0
14.85 115712 1024 1024 0 0 0 0 1024 0
14.9 118784 1024 0 1024 0 0 0 0 0
14.95 117760 0 0 0 0 1024 0 1024 0
15 118784 0 0 0 0 1024 0 0 0
15.05 122880 1024 0 0 0 0 0 1024 0
15.1 124928 0 0 0 0 1024 0 0 0
15.15 122880 0 0 0 0 1024 0 0 0
15.2 121856 0 0 1024 1024 0 0 0 0
15.25 119808 1024 0 1024 1024 0 0 1024 0
15.3 122880 0 1024 1024 0 0 0 0 0
15.35 122880 0 1024 1024 0 0 0 0 0
15.4 123904 64 1024 0 0 1024 0 0 0
15.45 121856 1024 0 0 0 0 0 0 0
15.5 124928 1024 0 2048 0 0 0 0 0
15.55 125952 0 0 1024 1024 1024 0 0 0
15.6 124928 0 1024 0 0 1024 0 0 0
15.65 122880 0 0 0 0 1024 0 0 0
15.7 126976 0 0 0 0 1024 0 0 0
15.75 128000 1024 0 0 0 0 0 0 0
15.8 126016 0 0 1024 1024 1024 0 0 0
15.85 125952 0 0 0 1024 1024 0 0 0
15.9 92224 1024 1024 0 0 0 0 0 0
15.95 59392 1024 0 0 0 0 0 0 0
16 59392 0 1024 1024 1024 1024 0 1024 0
16.05 32768 1024 1024 0 0 0 0 1024 0
16.1 8192 1024 1024 0 1024 0 0 1024 0
16.15 1024 0 0 0 1024 0 0 1024 0
16.2 2048 1024 1024 0 1024 0 0 0 0
16.25 0 0 1024 0 1024 0 0 1024 0
16.3 2048 1024 1024 0 1024 0 0 0 0
16.35 0 0 0 0 1024 0 0 1024 0
16.4 1024 1024 0 0 0 0 0 0 0
16.45 0 0 0 0 0 0 0 1024 0
16.5 1024 1024 0 0 0 0 0 1024 0
16.55 0 0 1024 0 0 0 0 1024 0
16.6 1024 1024 0 0 1024 0 0 0 0
16.65 1024 0 1088 0 0 0 0 1024 0
16.7 1024 0 1024 0 0 0 0 1024 0
16.75 0 1024 1024 0 0 0 0 1024 0
16.8 1024 1024 0 2048 1024 0 0 1024 0
16.85 0 1024 1024 0 1024 0 0 1024 0
16.9 1024 1024 0 0 1024 0 0 0 0
16.95 18432 0 1024 0 0 0 0 1024 0
17 1024 1024 0 2048 1024 0 0 1024 0
17.05 16384 0 1024 2048 0 0 0 0 0
17.1 22528 1024 1024 0 0 0 0 1024 0
17.15 7168 0 1024 1024 1024 0 0 0 0
17.2 17408 1024 1024 1024 1024 0 0 0 0
17.25 12288 1024 0 1024 1024 0 0 0 0
17.3 19456 1088 1024 1024 1024 0 0 1024 0
17.35 17408 1088 1024 1024 0 0 0 1024 0
17.4 21504 1024 0 1024 1024 0 0 1024 0
17.45 21504 1024 0 0 1024 0 0 1024 0
17.5 22528 1024 1024 1024 1024 0 0 0 0
17.55 24576 0 1024 1024 0 1024 0 0 0
17.6 24576 0 0 0 1024 1024 0 1024 0
17.65 26624 1024 1024 0 1024 0 0 0 0
17.7 27712 1024 1024 0 1024 0 0 0 0
17.75 28672 1024 0 1024 0 0 0 0 0
17.8 29696 1024 1024 0 0 0 0 0 0
17.85 28672 0 0 0 1024 1024 0 0 0
17.9 31744 1024 0 1024 1024 0 0 0 0
17.95 33792 1024 1024 0 1024 0 0 1088 0
18 33792 1024 0 1024 0 0 0 1088 0
18.05 35840 1024 1024 0 0 0 0 1024 0
18.1 33792 0 0 2048 1024 1024 0 1024 0
18.15 36864 1024 1024 1024 1024 0 0 1024 0
18.2 36864 1024 0 0 0 0 0 1024 0
18.25 37888 1024 0 0 0 0 0 1024 0
18.3 40960 0 0 0 0 1024 0 0 0
18.35 40960 0 1088 0 0 1024 0 1024 0
18.4 44032 0 1024 0 0 1024 0 1024 0
18.45 41984 0 1024 0 0 1024 0 0 0
18.5 45056 1024 1024 0 0 0 0 0 0
18.55 45056 1024 1024 1024 1024 0 0 0 0
18.6 46080 0 1024 0 1024 0 0 1024 0
18.65 43008 0 1024 1024 0 0 0 1024 0
18.7 47104 1088 1024 0 1024 0 0 1024 0
18.75 47104 64 0 1024 0 1024 0 0 0
18.8 48128 0 1024 0 0 1024 0 0 0
18.85 50176 0 1024 0 0 1024 0 0 0
18.9 50176 0 1024 1024 1024 1024 0 0 0
18.95 51200 0 0 0 0 1024 0 0 0
19 53248 1024 1024 1024 1024 0 0 1024 0
19.05 52224 0 0 0 1024 1024 0 0 0
19.1 55296 0 1024 1024 1024 1024 0 0 0
19.15 55360 1024 0 1024 0 0 0 0 0
19.2 56384 1024 1024 1024 0 0 0 0 0
19.25 57344 1024 0 0 1024 0 0 0 0
19.3 58368 0 1024 1024 0 1024 0 0 0
19.35 57344 1024 0 0 0 0 0 0 0
19.4 59392 1024 0 0 0 0 0 1088 0
19.45 60416 1024 0 0 0 0 0 1024 0
19.5 60416 0 0 0 1024 1024 0 1024 0
19.55 62464 1024 1024 1088 1024 0 0 1024 0
19.6 62464 1024 0 0 0 0 0 1024 0
19.65 64512 1024 1024 0 0 0 0 0 0
19.7 65536 1024 1024 0 0 0 0 0 0
19.75 66560 1024 0 0 0 0 0 0 0
19.8 65536 1024 1024 0 0 0 0 0 0
19.85 68608 1024 0 0 0 0 0 1024 0
19.9 68608 0 1024 0 1024 1024 0 0 0
19.95 67584 1024 1024 1024 0 0 0 1024 0
20 68608 1024 1024 0 0 0 0 1024 0
20.05 73728 0 1024 1024 1024 0 0 0 0
20.1 75776 1024 0 0 1024 0 0 0 0
20.15 73728 1024 1024 1024 1024 0 0 0 1024
20.2 73728 1024 3072 0 0 64 0 0 0
20.25 72704 0 1024 0 0 1024 0 0 0
20.3 70656 0 1024 1024 0 1024 0 0 1024
20.35 74752 0 25600 1024 0 1024 0 0 1024
20.4 75776 0 24576 0 0 1024 8192 1024 0
20.45 63488 0 66560 1024 0 1024 2048 1024 0
20.5 65536 0 101376 1024 0 1024 15360 0 0
20.55 55296 0 126976 0 1024 1024 32768 0 0
20.6 48128 0 128000 0 1024 1024 34816 0 0
20.65 41984 1024 126976 2048 0 0 52224 0 0
20.7 32768 0 126976 1024 0 1024 75776 0 0
20.75 24576 0 128000 1024 0 1024 105472 0 1024
20.8 7168 0 126976 1024 0 1024 124928 0 1088
20.85 2048 0 126976 1024 0 1024 128000 0 1088
20.9 3072 0 126976 1024 0 1024 128000 0 1024
20.95 3072 0 128000 1024 0 1024 128000 0 1024
21 4096 0 128000 1024 0 1024 126976 0 1024
21.05 5120 0 126976 1024 0 1024 126976 0 1024
21.1 6144 0 126976 1088 0 1024 128000 0 1024
21.15 6144 0 128000 1088 0 1024 117760 0 1024
21.2 7168 0 128064 1024 0 1024 41984 0 1024
21.25 8192 0 112640 0 0 1024 0 0 1024
21.3 9216 0 50176 0 0 1024 0 0 1024
21.35 9216 0 0 1024 0 1024 0 0 1024
21.4 9216 0 0 0 0 1024 0 0 0
21.45 11264 0 0 1024 0 1024 0 0 0
21.5 12288 0 0 1024 0 0 0 0 0
21.55 14336 0 0 1024 0 0 0 0 0
21.6 15360 0 0 1024 0 0 0 0 0
21.65 14336 0 0 1024 1024 0 0 0 0
21.7 18432 0 0 1024 0 1024 0 0 0
21.75 15360 0 0 1024 0 1088 0 0 0
21.8 24576 1024 0 1024 0 64 0 0 0
21.85 22528 0 0 1024 0 1024 0 0 0
21.9 30720 0 0 1024 0 1024 0 0 0
21.95 33792 0 1024 1024 0 1024 0 0 0
22 18432 0 0 1024 2048 1024 0 0 0
22.05 47104 1024 0 1024 0 0 0 0 0
22.1 35840 0 0 1024 0 1024 0 0 0
22.15 36928 0 0 1024 0 1024 0 0 0
22.2 49216 0 0 1024 0 1024 0 0 0
22.25 32768 0 0 1024 0 1024 0 0 0
22.3 47104 0 0 1024 0 1024 0 0 0
22.35 44032 0 1024 1024 0 1024 0 64 0
22.4 37888 0 0 0 0 1024 0 0 0
22.45 52224 0 0 1024 0 1024 0 0 0
22.5 39936 0 1024 2048 64 1024 0 1024 0
22.55 44032 1024 0 64 0 0 0 0 0
22.6 54272 0 1024 0 0 1024 0 1024 0
22.65 44032 0 1024 0 0 1024 0 0 0
22.7 47104 0 0 1024 0 1024 0 0 0
22.75 54272 0 0 0 0 1024 0 1024 0
22.8 47104 0 0 1024 0 1024 1024 0 0
22.85 49152 0 0 0 0 1024 0 0 0
22.9 52224 0 0 1024 0 0 0 0 0
22.95 51200 0 0 0 0 0 0 0 1024
23 52224 1024 3072 1024 0 0 0 0 0
23.05 55296 0 0 1024 0 0 1024 1024 0
23.1 53248 0 0 0 0 0 0 1024 0
23.15 57344 0 0 1024 0 1024 0 0 0
23.2 56320 0 0 1024 0 1024 0 0 1024
23.25 58368 0 1024 0 0 1024 0 1024 0
23.3 59392 0 0 0 0 1024 0 0 0
23.35 58368 0 0 1024 0 1024 0 1024 0
23.4 59392 0 1024 1024 0 1024 0 0 0
23.45 63488 0 1024 0 1024 1024 0 0 1024
23.5 60416 0 1024 1024 0 1024 1024 0 0
23.55 61504 0 0 0 1024 1024 0 0 0
23.6 63552 0 0 1024 0 1024 0 0 0
23.65 63552 0 1024 1024 1024 1024 0 0 1024
23.7 64512 0 2048 0 1024 1024 0 1024 0
23.75 63488 0 1024 1024 0 1024 0 0 0
23.8 67584 0 0 1024 0 1024 1024 64 0
23.85 65536 0 64 1024 0 1024 64 0 0
23.9 65536 0 0 0 1088 1024 0 0 1024
23.95 68608 0 3072 1088 0 1024 0 1024 0
24 67584 0 1024 1024 0 1024 1024 1024 0
24.05 67584 0 0 1024 0 1024 0 0 0
24.1 70656 1024 0 0 0 0 0 1024 0
24.15 70656 0 3072 0 0 1024 0 0 1024
24.2 69632 0 2048 0 0 1024 1024 0 1024
24.25 73728 1024 0 0 0 0 2048 0 0
24.3 72704 1024 0 0 1024 0 0 0 0
24.35 71680 0 1024 1024 0 0 0 64 1024
24.4 77824 0 1024 1024 0 0 0 0 1024
24.45 74752 0 3072 0 0 0 1024 0 1024
24.5 75776 0 1024 1024 0 0 2048 0 0
24.55 73728 0 1024 1024 1024 1024 64 1024 0
24.6 77824 0 0 1024 0 1088 0 0 1024
24.65 76800 0 6144 1024 0 1088 0 0 1024
24.7 74752 0 1024 1024 0 1024 0 0 0
24.75 80896 1024 0 1024 1024 0 0 0 0
24.8 79872 1024 0 1024 0 0 1024 0 0
24.85 79872 0 3072 0 0 1024 0 1024 0
24.9 82944 0 3072 0 1024 1024 0 0 1024
24.95 81920 0 1024 0 0 1024 0 0 0
25 84032 2048 3072 2048 2048 2048 1024 1024 1024
25.05 86080 0 0 1024 0 1024 0 0 1024
25.1 89088 0 4096 0 0 1024 0 0 0
25.15 84992 0 2048 1024 0 1024 1024 1024 0
25.2 81920 0 0 1024 0 1024 2048 0 0
25.25 88064 0 1024 0 0 1024 0 0 0
25.3 86016 1024 1024 0 0 0 0 0 0
25.35 86016 0 3072 1088 0 1024 1024 0 1024
25.4 89088 0 3072 1088 1024 1024 1024 0 0
25.45 89088 0 0 1024 0 1024 1024 1024 0
25.5 89088 0 0 0 0 1024 0 0 0
25.55 87040 0 1024 0 0 1024 1024 0 0
25.6 92160 0 2112 0 0 1024 0 0 1024
25.65 91136 0 1024 0 0 1024 1024 0 1024
25.7 91136 1024 1024 0 0 0 0 0 1024
25.75 91136 0 2048 1024 0 0 1024 1024 0
25.8 94208 0 3072 0 1024 0 0 1024 0
25.85 92160 0 4096 1024 0 0 0 0 1024
25.9 93184 1024 0 1024 1024 0 1024 1024 0
25.95 96256 0 1024 1024 0 0 1024 0 1024
26 95232 64 4096 1024 1024 1024 0 0 1024
26.05 96256 0 1024 1024 0 1024 1024 0 1024
26.1 95232 1088 2048 1024 1024 0 1024 0 1024
26.15 98304 1024 1024 1024 0 0 0 0 1024
26.2 98304 0 5120 1024 0 1024 1024 0 1024
26.25 95232 0 6144 1024 0 1024 0 0 1024
26.3 99328 0 3072 1024 1024 1024 0 0 1024
26.35 101376 0 4096 1024 0 1024 1024 0 0
26.4 99456 0 8192 1024 0 1024 0 0 0
26.45 99392 0 7168 1024 0 1024 1024 0 0
26.5 101376 0 8192 0 1024 1024 1024 0 0
26.55 101376 1024 8192 1024 1024 0 1024 1024 0
26.6 102400 0 11264 0 0 1024 1024 1024 0
26.65 100352 0 10240 1024 0 1024 1024 0 1088
26.7 102400 1024 11264 1024 0 0 1024 0 1024
26.75 103424 1024 11264 1024 1024 0 0 1024 0
26.8 102400 1024 14336 1088 1024 0 1024 1024 0
26.85 101376 0 14336 1024 0 1024 1024 0 1024
26.9 104448 0 14336 0 0 1024 1024 0 1024
26.95 104448 0 16384 0 0 1024 1024 1024 0
27 103424 0 18496 0 0 1024 1024 0 1024
27.05 105472 1024 17472 0 0 0 1024 0 1024
27.1 104448 0 19456 0 0 1024 1024 0 1024
27.15 105472 0 19456 1024 1024 0 0 1024 0
27.2 105472 0 21504 0 0 0 1024 0 1024
27.25 105472 0 21504 1024 0 0 1024 0 1024
27.3 106496 0 23552 1024 0 0 1024 0 1024
27.35 107520 0 22528 1024 1024 0 0 0 1024
27.4 106496 64 25600 1024 1024 1024 1024 0 1024
27.45 105472 0 23552 0 0 1024 1024 1024 0
27.5 109568 0 25600 1024 1024 1088 0 0 1024
27.55 109568 0 25600 1024 0 1024 0 0 1024
27.6 108544 0 27648 0 0 1024 0 0 1024
27.65 108544 0 27648 1024 0 1024 0 1024 0
27.7 110592 0 28672 0 0 1024 0 1024 0
27.75 110656 0 28672 0 1024 1024 0 0 0
27.8 112640 0 31744 1024 0 1024 1024 0 0
27.85 110656 0 31744 1024 1024 1024 0 0 0
27.9 112640 0 31744 1024 0 1024 1024 0 0
27.95 113664 0 31744 1024 0 1024 1024 0 0
28 112640 0 33792 1024 0 1024 1024 0 1024
28.05 111616 0 34816 0 0 1024 0 0 1088
28.1 113664 0 34816 1024 0 1024 1024 0 1088
28.15 114688 0 35840 0 1024 1024 1024 1024 0
28.2 114688 1024 35840 64 0 0 1024 0 1024
28.25 114688 0 37888 1024 0 1024 1024 0 1024
28.3 113664 0 37888 0 0 1024 1024 0 1024
28.35 115712 0 37888 1024 0 1024 1024 0 1024
28.4 116736 0 37952 0 0 1024 1024 0 1024
28.45 116736 0 41024 0 0 1024 1024 0 1024
28.5 114688 1024 40960 0 1024 0 1024 0 1024
28.55 118784 1024 40960 0 0 0 1024 1024 0
28.6 117760 0 43008 1024 0 0 1024 0 1024
28.65 117760 0 41984 1024 0 0 1024 0 1024
28.7 119808 0 45056 1024 0 0 1024 0 1024
28.75 116736 0 45056 1024 0 0 1024 0 1024
28.8 118784 64 44032 1024 1024 0 0 0 1024
28.85 120832 1088 45056 0 1024 0 1024 1024 0
28.9 120832 0 48128 1024 1024 1088 1024 1024 0
28.95 119808 0 47104 0 1024 1024 0 1024 0
29 119808 0 48128 0 0 1024 0 0 1024
29.05 121856 0 48128 0 0 1024 0 0 1024
29.1 121856 0 47104 1024 1024 1024 0 0 1024
29.15 123904 1024 49152 1024 1024 0 0 0 1024
29.2 120832 0 50176 1024 0 1024 1024 0 0
29.25 117824 1024 50176 0 0 0 1024 0 0
29.3 71744 0 52224 0 1024 1024 1024 0 0
29.35 22528 0 51200 0 0 1024 1024 0 0
29.4 0 0 81920 0 0 0 1024 0 1024
29.45 0 0 80896 0 0 0 0 1024 64
29.5 0 1024 67584 0 1024 0 0 0 1088
29.55 1024 1024 77824 0 0 0 1024 1024 0
29.6 0 1024 81920 0 0 0 1024 0 1024
29.65 1024 0 72704 0 0 0 1024 0 1024
29.7 0 1024 77824 0 0 0 1024 0 1024
29.75 0 0 86016 0 0 0 1024 0 1024
29.8 0 1024 75776 0 0 0 1024 0 1024
29.85 0 0 80960 0 0 0 0 0 1024
29.9 0 0 87104 0 0 0 1024 1024 0
29.95 0 0 79872 0 0 0 1024 0 1024
30 1024 0 81920 0 1024 0 1024 0 1024
30.05 0 15424 57344 0 64 0 0 0 1024
30.1 0 79616 0 0 0 0 1024 0 1024
30.15 0 58048 27648 0 0 0 0 64 1024
30.2 1024 23552 35840 0 6144 0 0 0 1024
30.25 0 0 24576 0 0 0 0 1024 0
30.3 0 0 0 0 0 0 0 0 0
30.35 1024 0 0 0 0 0 0 1024 0
30.4 0 0 0 0 0 0 0 0 0
30.45 0 0 0 0 0 0 0 0 0
30.5 0 0 0 0 0 0 0 0 0
30.55 0 0 0 0 0 0 0 0 0
30.6 0 0 0 0 0 0 0 0 0
30.65 0 0 0 0 0 0 0 0 0
30.7 0 0 0 0 0 0 0 0 0
30.75 0 0 0 0 0 0 0 0 0
30.8 0 0 0 0 0 0 0 0 0
30.85 0 0 2048 0 0 0 0 0 0
30.9 0 0 0 0 0 0 2048 0 0
30.95 0 0 0 0 0 0 0 0 0
31 0 0 0 0 0 0 0 0 0
31.05 0 0 0 0 0 0 0 0 0
31.1 0 0 2048 0 0 0 0 0 0
31.15 0 0 0 0 0 0 2048 0 0
31.2 0 0 0 0 0 0 0 0 0
31.25 0 0 0 0 0 0 0 0 0
31.3 0 0 6144 0 0 0 0 0 1024
31.35 0 0 2048 0 0 0 0 0 0
31.4 0 1024 0 0 0 0 1024 0 0
31.45 0 0 0 0 0 0 0 0 0
31.5 1024 1024 0 0 0 0 0 0 1024
31.55 0 0 1024 0 0 0 0 0 1024
31.6 1024 1024 1024 0 0 0 0 0 0
31.65 0 0 0 0 0 0 0 0 0
31.7 0 0 0 0 0 0 0 0 0
31.75 0 0 5120 0 0 0 0 0 1024
31.8 1024 0 1024 0 0 0 0 0 1024
31.85 0 0 4096 0 0 0 0 0 0
31.9 0 0 0 0 0 0 0 0 0
31.95 0 0 1024 0 0 0 0 1024 0
32 0 0 1024 0 1024 0 0 0 1024
32.05 0 0 4096 0 0 0 1024 1024 0
32.1 0 0 0 0 0 0 1088 0 0
32.15 0 1024 0 0 0 0 64 0 1024
32.2 0 0 1024 0 0 0 0 0 0
32.25 0 1024 6144 0 0 0 1024 0 1024
32.3 0 0 1024 0 0 0 1024 0 1024
32.35 0 0 0 0 1024 0 64 0 0
32.4 0 0 0 0 0 0 0 0 1024
32.45 0 1024 0 0 2048 0 1024 0 1024
32.5 0 0 8192 0 0 0 0 0 1024
32.55 0 0 1024 0 0 0 0 0 1024
32.6 0 0 1024 0 0 0 64 0 1024
32.65 0 0 1024 0 1024 0 1024 0 1024
32.7 0 0 9216 0 0 0 0 0 1024
32.75 1024 0 1024 0 0 0 1024 0 1024
32.8 0 1024 1024 0 0 0 1024 0 1024
32.85 0 1024 1024 0 1024 0 64 0 1024
32.9 0 1024 1024 0 0 0 1024 1024 0
32.95 0 64 1024 0 0 0 1024 0 1024
33 0 0 2048 0 1024 0 1024 1024 0
33.05 0 0 1024 0 0 0 1024 1024 0
33.1 0 1024 1024 0 0 0 1024 0 1024
33.15 0 0 4096 0 0 0 1024 0 1024
33.2 0 0 2048 0 0 0 0 1024 0
33.25 0 0 6144 0 0 0 0 1024 0
33.3 0 0 0 0 0 0 1024 0 1024
33.35 0 0 9216 0 0 0 1024 0 1024
33.4 0 1024 1024 0 1024 0 1024 0 1024
33.45 0 1024 9216 0 0 0 0 0 1024
33.5 0 1024 4096 0 0 0 0 0 1024
33.55 1024 0 3072 0 0 0 1024 0 0
33.6 0 0 7168 0 0 0 1024 0 1024
33.65 0 1024 4096 0 1024 0 1024 0 1024
33.7 0 64 8192 0 0 0 1024 0 1024
33.75 0 64 8192 0 1024 0 0 0 1024
33.8 0 0 12288 0 0 0 0 0 1024
33.85 0 0 9216 0 1024 0 0 0 1024
33.9 0 0 14336 0 0 0 0 1024 0
33.95 0 1024 13312 0 0 0 0 0 1024
34 1024 0 16384 0 1024 0 0 0 1024
34.05 1024 1024 15360 0 1024 0 1024 0 0
34.1 1024 0 15360 0 1024 0 1024 0 0
34.15 0 1024 19456 0 0 0 1024 0 0
34.2 0 0 17408 0 0 0 0 0 0
34.25 0 1024 21504 0 0 0 1024 0 0
34.3 1024 0 21504 0 1024 0 1024 0 1024
34.35 0 0 22528 0 0 0 0 0 1088
34.4 0 1024 23552 0 0 0 1024 1024 64
34.45 0 1024 22528 0 1024 0 0 1024 0
34.5 0 0 25600 0 1024 0 1024 0 1024
34.55 0 0 24576 0 0 0 1024 1024 0
34.6 0 0 28672 0 0 0 0 0 1024
34.65 0 0 28672 0 0 0 0 0 1024
34.7 0 1024 27648 0 0 0 1024 0 1024
34.75 0 0 30784 0 0 0 1024 0 1024
34.8 1024 0 29696 0 1024 0 1024 1024 0
34.85 0 0 33792 0 0 0 1024 1024 0
34.9 0 0 33792 0 0 0 1024 0 1024
34.95 0 0 32768 0 1024 0 0 0 1024
35 0 0 35840 0 1024 0 0 1024 0
35.05 1024 0 39936 0 0 0 1024 1024 1024
35.1 0 64 40960 0 0 0 0 0 1024
35.15 0 0 37888 0 0 0 64 0 1024
35.2 0 1024 35840 0 0 0 0 1024 0
35.25 0 1024 41984 0 0 0 0 1024 0
35.3 1024 0 39936 0 0 0 0 0 1024
35.35 0 1024 39936 0 0 0 0 1024 0
35.4 0 0 44032 0 0 0 0 1024 0
35.45 1024 1024 41984 0 0 0 0 0 1024
35.5 1024 0 45056 0 0 0 1024 0 0
35.55 1024 0 45056 0 0 0 1024 0 0
35.6 0 0 44032 0 1024 0 1024 0 0
35.65 1024 0 48128 0 0 0 0 0 0
35.7 1024 0 47104 0 0 0 1024 0 0
35.75 1024 0 47104 0 0 0 0 0 1024
35.8 0 0 50176 0 0 0 1024 0 1088
35.85 1024 0 50176 0 0 0 1024 0 1024
35.9 0 0 48128 0 0 0 2048 0 1024
35.95 1024 0 53248 0 1024 0 0 0 1024
36 0 0 51200 0 0 0 1024 0 1024
36.05 0 1024 51200 0 0 0 1024 1024 0
36.1 0 1024 54272 0 0 0 0 0 1024
36.15 1024 0 54336 0 0 0 1024 0 1024
36.2 0 1024 53312 0 0 0 1024 1024 0
36.25 1024 1024 57344 0 0 0 0 0 1024
36.3 0 0 56320 0 0 0 0 1024 0
36.35 1024 0 57344 0 1024 0 1024 0 1024
36.4 0 0 59392 0 0 0 1024 0 1024
36.45 0 0 59392 0 0 0 0 1024 0
36.5 0 0 58368 0 0 0 1024 0 1024
36.55 0 0 62464 0 0 0 1088 0 1024
36.6 1024 0 60416 0 0 0 0 0 1024
36.65 1024 0 60416 0 1024 0 0 0 1024
36.7 1024 0 64512 0 0 0 0 0 1024
36.75 0 1024 63488 0 1024 0 0 1024 0
36.8 0 0 63488 0 1024 0 0 0 1024
36.85 0 0 65536 0 0 0 0 1024 0
36.9 64 0 66560 0 0 0 0 0 0
36.95 1088 1024 65536 0 0 0 0 0 0
37 0 0 69632 0 0 0 1024 0 0
37.05 0 0 67584 0 0 0 1024 0 0
37.1 1024 0 67584 0 0 0 1024 0 0
37.15 1024 0 71680 0 0 0 0 1024 0
37.2 0 0 70656 0 1024 0 0 0 1088
37.25 0 1024 70656 0 1024 0 1024 0 1088
37.3 1024 0 73728 0 64 0 0 0 1024
37.35 0 0 74752 0 64 0 1024 0 1024
37.4 0 0 72704 0 0 0 1024 0 1024
37.45 1024 1024 75776 0 0 0 1024 1024 0
37.5 0 0 75776 0 0 0 1024 1024 0
37.55 0 0 74752 0 0 0 1024 1024 0
37.6 0 0 77888 0 0 0 1024 0 1024
37.65 0 0 78848 0 0 0 1024 0 1024
37.7 0 1024 76800 0 1024 0 1024 0 1024
37.75 0 0 77824 0 0 0 0 0 1024
37.8 1024 0 80896 0 1024 0 1024 0 1024
37.85 0 1024 79872 0 1024 0 1024 0 1024
37.9 0 1024 78848 0 0 0 1024 0 1024
37.95 0 0 81920 0 0 0 1088 1024 0
38 0 0 82944 0 0 0 1088 0 1024
38.05 0 1024 82944 0 0 0 0 0 1024
38.1 0 0 86016 0 0 0 0 1024 0
38.15 0 1024 84992 0 1024 0 0 0 1024
38.2 0 0 83968 0 0 0 0 0 1024
38.25 0 0 84992 0 0 0 0 0 1024
38.3 0 0 86016 0 0 0 0 0 1024
38.35 64 0 88064 0 1024 0 0 0 0
38.4 0 0 88064 0 1024 0 1024 0 0
38.45 1024 0 89088 0 0 0 1024 0 0
38.5 1024 0 90112 0 0 0 1024 0 0
38.55 0 0 89088 0 0 0 1024 1024 0
38.6 0 0 88064 0 0 0 2048 0 1024
38.65 0 0 93184 0 1024 0 0 1024 64
38.7 0 1024 91136 0 0 0 1024 1024 0
38.75 1024 1024 93184 0 0 0 1024 0 1024
38.8 0 0 95232 0 0 0 0 0 1024
38.85 0 1024 93184 0 0 0 1024 0 1024
38.9 0 0 94208 0 0 0 1024 0 1024
38.95 0 0 93184 0 0 0 1024 0 1024
39 0 0 96320 0 0 0 0 0 1024
39.05 0 0 97344 0 0 0 1024 1024 0
39.1 0 0 96256 0 0 0 0 1024 0
39.15 0 0 98304 0 0 0 1024 0 1024
39.2 0 1024 100352 0 0 0 1024 0 1024
39.25 0 0 98304 0 0 0 0 0 1024
39.3 0 0 98304 0 0 0 1024 0 1024
39.35 0 0 101376 0 1024 0 1024 0 1024
39.4 0 64 100352 0 0 0 1024 1024 0
39.45 0 0 101376 0 0 0 1024 1024 0
39.5 0 1024 100352 0 0 0 0 1024 0
39.55 0 0 103424 0 0 0 0 0 1024
39.6 0 1024 103424 0 0 0 0 0 1024
39.65 0 0 103424 0 1024 0 0 1024 0
39.7 0 0 104448 0 0 0 0 0 1024
39.75 64 0 106496 0 0 0 0 0 0
39.8 64 0 105472 0 0 0 0 0 0
39.85 1024 1024 105472 0 1024 0 1024 0 0
39.9 1024 0 108544 0 0 0 1024 0 0
39.95 0 0 107520 0 1024 0 1024 0 0
40 3072 3072 108544 1024 2048 1024 1024 2048 1024
40.05 23744 3136 65536 0 64 0 1024 1024 64
40.1 86848 1024 8192 0 0 0 1024 0 1088
40.15 74944 1024 16384 0 1024 0 0 1024 0
40.2 34816 1024 26624 0 0 0 0 0 0
40.25 0 1024 33792 0 0 0 0 0 0
40.3 0 0 1024 0 0 0 0 0 0
40.35 0 0 0 0 0 0 1024 0 0
40.4 0 0 0 0 0 0 0 0 0
40.45 0 0 0 0 0 0 0 0 0
40.5 0 0 0 0 0 0 0 0 0
40.55 0 0 0 0 0 0 0 0 0
40.6 0 0 0 0 0 0 0 0 0
40.65 0 0 0 0 0 0 0 0 0
40.7 0 0 0 0 0 0 0 0 0
40.75 0 0 0 0 0 0 0 0 0
40.8 0 0 0 0 0 0 0 0 0
40.85 0 0 0 0 0 0 0 0 1024
40.9 0 0 3072 0 0 0 0 0 0
40.95 0 0 0 0 0 0 0 0 0
41 0 0 0 0 0 0 0 0 0
41.05 0 0 0 0 0 0 0 0 1024
41.1 0 0 2048 0 0 0 0 0 1024
41.15 0 0 1024 0 0 0 1024 0 0
41.2 0 0 0 0 0 0 1088 0 0
41.25 1024 0 0 0 0 0 0 0 0
41.3 0 0 0 0 0 0 0 0 1024
41.35 0 0 1024 0 2048 0 0 0 0
41.4 0 0 0 0 0 0 1024 0 0
41.45 0 0 0 0 1024 0 64 0 0
41.5 0 0 3072 0 0 0 0 1024 0
41.55 0 0 0 0 0 0 0 0 1024
41.6 0 0 6144 0 0 0 0 1024 0
41.65 0 0 0 0 0 0 0 0 0
41.7 0 1024 1024 0 0 0 0 1024 0
41.75 0 0 0 0 0 0 0 0 0
41.8 0 0 7168 0 0 0 0 0 1024
41.85 0 0 0 0 0 0 1024 0 1024
41.9 0 0 2048 0 0 0 1024 0 0
41.95 0 0 64 0 0 0 0 0 1024
42 1024 1024 2048 0 0 0 0 0 0
42.05 0 0 1024 0 0 0 1024 0 1024
42.1 0 0 0 0 1024 0 2048 0 1024
42.15 0 0 1024 0 0 0 1024 1024 0
42.2 0 0 1088 0 1024 0 1024 0 1024
42.25 0 0 6144 0 0 0 1024 0 1024
42.3 1024 0 0 0 0 0 1024 0 1024
42.35 0 0 1024 0 0 0 1024 0 1024
42.4 0 0 1024 0 1024 0 1024 0 1024
42.45 0 1024 7168 0 0 0 0 0 1024
42.5 0 0 1024 0 2048 0 1024 0 1024
42.55 0 0 7168 0 0 0 1024 0 1024
42.6 0 0 0 0 0 0 0 0 0
42.65 0 0 6144 0 0 0 1024 1024 0
42.7 0 0 0 0 1024 0 1024 0 1024
42.75 0 0 2048 0 0 0 1024 0 1024
42.8 0 0 4096 0 0 0 1024 1024 0
42.85 0 0 3072 0 0 0 1024 0 1024
42.9 0 0 7168 0 0 0 1024 0 1024
42.95 1024 0 4096 0 0 0 0 0 1024
43 0 0 6144 0 0 0 0 1024 0
43.05 0 1024 2048 0 0 0 1024 0 1024
43.1 0 1024 8192 0 0 0 0 0 1024
43.15 0 1024 1024 0 0 0 1088 0 1024
43.2 0 0 6144 0 0 0 1024 0 1024
43.25 1024 0 1024 0 0 0 1088 0 1024
43.3 0 0 6144 0 0 0 1024 1024 0
43.35 0 0 5120 0 1024 0 0 0 1024
43.4 1024 0 8192 0 1024 0 1088 0 1024
43.45 0 0 9216 0 0 0 1024 0 1024
43.5 0 0 12288 0 0 0 0 1024 0
43.55 1024 1024 13312 0 0 0 0 0 1024
43.6 1024 0 12288 0 0 0 1024 0 1024
43.65 1024 0 14336 0 0 0 0 0 1024
43.7 0 1024 11264 0 1024 0 0 1024 0
43.75 64 0 15360 0 1024 0 0 0 0
43.8 0 0 16384 0 0 0 1024 0 0
43.85 0 0 20480 0 0 0 1024 0 0
43.9 0 0 18432 0 0 0 1024 0 0
43.95 0 0 21504 0 0 0 1024 0 0
44 1024 1024 21504 0 0 0 0 0 1024
44.05 0 1024 20480 0 0 0 1024 0 1088
44.1 1024 0 23552 0 0 0 1024 0 1024
44.15 0 0 23552 0 1024 0 1024 0 1024
44.2 0 1024 26624 0 0 0 0 0 1024
44.25 0 1024 26624 0 1024 0 0 0 1024
44.3 0 1024 25600 0 0 0 0 1024 0
44.35 0 1024 28672 0 0 0 1024 0 1024
44.4 0 0 27712 0 0 0 0 0 1024
44.45 0 0 31808 0 0 0 0 1024 0
44.5 0 1024 31744 0 0 0 0 0 1024
44.55 0 0 30720 0 0 0 2048 1024 0
44.6 0 1024 33792 0 1024 0 1024 1024 0
44.65 0 1024 32768 0 1024 0 1024 1024 0
44.7 0 1024 36864 0 0 0 1024 1024 0
44.75 1024 0 36864 0 1024 0 0 0 1024
44.8 0 1024 35840 0 0 0 64 0 1024
44.85 1024 0 38912 0 0 0 1024 0 1024
44.9 0 0 38912 0 0 0 1024 1024 0
44.95 0 0 41984 0 0 0 0 0 1024
45 3072 2048 41984 1024 1024 1024 2048 1024 2048
45.05 0 1024 43008 0 1024 0 0 0 1024
45.1 1024 0 44032 0 1024 0 0 0 1024
45.15 0 0 41984 0 0 0 0 0 1024
45.2 1024 0 39936 0 0 0 1024 0 0
45.25 1024 1024 46080 0 0 0 1024 0 0
45.3 0 0 46080 0 0 0 1024 0 0
45.35 0 1024 44032 0 0 0 1024 0 0
45.4 0 1024 49152 0 1024 0 1024 0 1024
45.45 0 0 47104 0 0 0 1024 1024 64
45.5 1024 0 50176 0 1024 0 1024 0 1088
45.55 0 0 51200 0 64 0 1024 0 1024
45.6 0 0 52224 0 1088 0 0 0 1024
45.65 0 0 53248 0 0 0 0 0 1024
45.7 0 0 54272 0 0 0 1024 1024 0
45.75 0 0 53248 0 0 0 0 0 1024
45.8 0 0 56320 0 0 0 1024 1024 0
45.85 1024 1024 55360 0 0 0 1024 1024 0
45.9 0 0 54336 0 0 0 1024 1024 0
45.95 0 0 58368 0 1024 0 1024 0 1024
46 1024 0 56320 0 1024 0 0 1024 0
46.05 0 0 58368 0 0 0 1024 0 1024
46.1 1024 0 60416 0 0 0 0 0 1024
46.15 0 0 60416 0 0 0 1024 0 1024
46.2 0 0 59392 0 0 0 64 0 1024
46.25 0 0 63488 0 1024 0 1088 0 1024
46.3 0 0 62464 0 1024 0 0 0 1024
46.35 0 1024 63488 0 1024 0 0 0 1024
46.4 0 1024 64512 0 1024 0 0 0 1024
46.45 1024 0 63488 0 0 0 0 0 1024
46.5 1024 1024 64512 0 0 0 0 0 1024
46.55 1024 1024 66560 0 0 0 0 0 1024
46.6 0 0 66560 0 1024 0 1024 0 0
46.65 0 0 66560 0 0 0 1024 0 0
46.7 0 0 70656 0 1024 0 1024 0 0
46.75 0 0 68608 0 0 0 1024 0 0
46.8 1024 1024 69632 0 1024 0 1024 0 0
46.85 0 0 70656 0 0 0 1024 0 1024
46.9 0 0 70656 0 0 0 2048 0 1088
46.95 0 1024 71680 0 1024 0 1024 0 1024
47 0 1024 70656 0 64 0 1024 0 1024
47.05 0 1024 74752 0 0 0 1024 0 1024
47.1 0 0 72704 0 0 0 0 0 1024
47.15 0 1024 73728 0 0 0 1024 0 1024
47.2 0 1024 76800 0 0 0 1024 0 1024
47.25 0 0 74816 0 0 0 1024 0 1024
47.3 1024 0 75840 0 0 0 1024 0 1024
47.35 0 1024 78848 0 0 0 1024 0 1024
47.4 0 0 78848 0 0 0 0 1024 0
47.45 0 0 77824 0 0 0 1024 0 1024
47.5 0 0 80896 0 0 0 0 0 1024
47.55 0 0 80896 0 1024 0 1024 0 1024
47.6 0 0 80896 0 0 0 0 0 1024
47.65 1024 1024 80896 0 0 0 1088 0 1024
47.7 0 0 83968 0 1024 0 1024 0 1024
47.75 0 0 82944 0 0 0 1024 0 1024
47.8 0 0 82944 0 1024 0 0 0 1024
47.85 0 1024 86016 0 0 0 0 1024 0
47.9 1024 1024 86016 0 0 0 0 0 1024
47.95 0 0 84992 0 0 0 0 0 1024
48 0 0 86016 0 1024 0 1024 0 0
48.05 0 0 88064 0 0 0 1024 0 0
48.1 0 0 87040 0 0 0 1024 0 0
48.15 0 0 87040 0 0 0 2048 0 0
48.2 1024 0 91136 0 0 0 1024 0 0
48.25 1024 0 90112 0 0 0 0 0 1024
48.3 1024 0 91136 0 0 0 1024 0 1088
48.35 0 0 93184 0 0 0 0 64 1024
48.4 0 1024 91136 0 0 0 1024 1024 0
48.45 0 1024 92160 0 1024 0 0 0 1024
48.5 0 0 91136 0 0 0 1024 0 1024
48.55 1024 0 95232 0 0 0 2048 0 1024
48.6 0 1024 95232 0 0 0 0 0 1024
48.65 0 1024 94208 0 0 0 0 1024 0
48.7 0 0 95296 0 0 0 0 1024 0
48.75 0 0 97280 0 0 0 1024 0 1024
48.8 0 0 96256 0 1024 0 1024 0 1024
48.85 1024 0 97280 0 2048 0 1024 1024 0
48.9 1024 0 99328 0 0 0 1024 0 1024
48.95 1024 0 99328 0 1024 0 0 0 1024
49 1024 1024 99328 0 0 0 0 0 1024
49.05 1024 64 98304 0 0 0 1024 0 1024
49.1 1024 64 101376 0 0 0 0 1024 0
49.15 0 1024 102400 0 0 0 1024 1024 0
49.2 0 1024 101376 0 0 0 0 0 1024
49.25 0 0 103424 0 0 0 0 0 1024
49.3 1024 0 104448 0 0 0 0 1024 0
49.35 0 1024 103424 0 0 0 0 0 1024
49.4 0 0 102400 0 0 0 0 0 1024
49.45 0 0 106496 0 0 0 1024 0 0
49.5 64 1024 105472 0 1024 0 0 0 0
49.55 0 0 106496 0 0 0 1024 0 0
49.6 0 1024 104448 0 1024 0 1024 0 0
49.65 1024 0 107520 0 1024 0 1024 0 0
49.7 1024 0 108544 0 0 0 1024 0 1024
49.75 1024 1024 107520 0 0 0 1024 1024 64
49.8 0 0 106496 0 0 0 1024 0 1024
49.85 1024 1024 110592 0 0 0 0 1024 0
49.9 0 0 110592 0 1024 0 1024 0 1024
49.95 0 1024 109568 0 0 0 1024 0 1024
50 1024 1024 113664 0 0 0 1024 1024 0
50.05 3072 22848 72704 0 0 0 1024 0 1024
50.1 3072 81472 16448 0 0 0 1024 0 1024
50.15 47360 16192 30784 0 0 0 1024 0 1024
50.2 30208 1024 23552 0 0 0 0 0 1024
50.25 3072 0 29696 0 0 0 0 0 1024
50.3 0 0 0 0 0 0 0 1024 0
50.35 0 0 0 0 0 0 0 0 0
50.4 0 0 1024 0 0 0 0 1024 0
50.45 0 0 0 0 0 0 0 0 0
50.5 0 0 0 0 0 0 0 0 0
50.55 0 0 0 0 0 0 0 0 0
50.6 0 0 0 0 0 0 0 0 0
50.65 0 0 0 0 0 0 0 0 0
50.7 0 0 0 0 0 0 0 0 0
50.75 0 0 0 0 0 0 0 0 0
50.8 0 0 0 0 0 0 0 0 1024
50.85 0 0 2048 0 0 0 0 0 0
50.9 0 0 0 0 0 0 4096 0 0
50.95 0 0 0 0 0 0 0 0 0
51 0 0 0 0 0 0 0 0 1024
51.05 0 0 1024 0 0 0 0 0 1024
51.1 0 0 1024 0 0 0 1024 0 0
51.15 0 0 64 0 0 0 1024 0 0
51.2 0 0 0 0 0 0 0 0 0
51.25 0 0 0 0 0 0 0 0 1024
51.3 0 0 1024 0 0 0 0 0 1024
51.35 0 0 1024 0 0 0 1024 0 0
51.4 0 0 0 0 0 0 1024 0 0
51.45 0 0 0 0 0 0 0 1024 0
51.5 0 0 0 0 0 0 0 0 1024
51.55 0 0 10240 0 0 0 1024 0 1024
51.6 0 0 1024 0 0 0 0 0 0
51.65 0 1024 1024 0 0 0 1024 0 0
51.7 0 0 0 0 0 0 0 0 1024
51.75 1024 0 0 0 0 0 1024 0 1024
51.8 0 0 0 0 0 0 0 0 1024
51.85 0 1024 0 0 0 0 0 0 0
51.9 0 0 64 0 0 0 1024 1024 0
51.95 1024 1024 0 0 1024 0 0 0 0
52 0 0 1024 0 0 0 1024 1024 0
52.05 1024 0 0 0 1024 0 1024 0 1024
52.1 0 0 6144 0 0 0 1024 0 1024
52.15 0 0 1024 0 1024 0 1024 0 0
52.2 0 0 8192 0 0 0 1024 0 1024
52.25 0 0 1024 0 0 0 0 0 0
52.3 0 0 5120 0 0 0 1024 0 1024
52.35 0 0 1024 0 0 0 1024 0 0
52.4 0 0 8192 0 0 0 1024 0 1024
52.45 0 0 0 0 0 0 0 0 1024
52.5 1024 0 3072 0 1024 0 1024 0 1024
52.55 0 0 2048 0 0 0 1024 1024 0
52.6 1024 0 1024 0 1024 0 1024 0 1024
52.65 0 0 8192 0 0 0 1024 0 1024
52.7 0 1024 2048 0 0 0 0 0 1024
52.75 0 0 9216 0 0 0 0 0 1024
52.8 0 0 1024 0 1024 0 0 0 1024
52.85 0 1024 7168 0 0 0 1024 0 1024
52.9 1024 0 1024 0 0 0 0 0 0
52.95 0 0 5120 0 0 0 1024 0 1024
53 0 1024 2048 0 0 0 0 0 1024
53.05 0 0 6144 0 0 0 0 1024 0
53.1 0 0 2048 0 0 0 1024 0 1024
53.15 0 1024 6144 0 1024 0 1024 1024 0
53.2 0 0 9216 0 0 0 0 1024 0
53.25 0 0 11264 0 0 0 1024 1024 0
53.3 0 0 11264 0 0 0 0 1024 0
53.35 0 0 10240 0 0 0 64 1024 0
53.4 0 1088 13312 0 1024 0 1024 1024 0
53.45 1024 0 11264 0 0 0 1024 0 1024
53.5 0 0 14336 0 1024 0 0 1024 0
53.55 0 0 13312 0 0 0 0 0 1024
53.6 0 0 19456 0 0 0 0 1024 0
53.65 0 0 16384 0 0 0 0 1024 0
53.7 0 1024 19456 0 0 0 1024 0 0
53.75 1088 1024 19456 0 0 0 0 0 0
53.8 0 1024 18432 0 0 0 1024 0 0
53.85 0 0 22528 0 0 0 1024 0 0
53.9 0 0 21504 0 1024 0 0 0 0
53.95 0 0 25600 0 1024 0 1024 0 1024
54 0 1024 24576 0 0 0 0 64 1024
54.05 0 0 23552 0 0 0 1024 0 1088
54.1 0 0 26624 0 1024 0 0 0 1024
54.15 1024 0 26624 0 0 0 1024 0 1024
54.2 1024 0 29696 0 0 0 1024 0 1024
54.25 0 1024 29696 0 0 0 1024 1024 0
54.3 1024 1024 28672 0 0 0 1024 0 1024
54.35 0 0 31744 0 0 0 0 1024 0
54.4 0 0 31808 0 0 0 1024 0 1024
54.45 1024 0 34816 0 0 0 1024 0 1024
54.5 0 0 34816 0 0 0 1024 0 1024
54.55 0 1024 33792 0 0 0 1024 1024 0
54.6 0 1024 37888 0 0 0 1024 0 1024
54.65 0 0 36864 0 0 0 0 0 1024
54.7 1024 0 39936 0 0 0 1024 0 1024
54.75 1024 64 37888 0 1024 0 0 0 1024
54.8 0 0 38912 0 1024 0 1088 1024 0
54.85 0 0 43008 0 0 0 1024 1024 0
54.9 0 0 40960 0 1024 0 0 1024 0
54.95 0 1024 40960 0 0 0 0 0 1024
55 2048 2048 46080 1024 2048 1024 1024 1024 2048
55.05 0 0 49152 0 1024 0 0 0 1024
55.1 0 1024 49152 0 1088 0 0 1024 0
55.15 0 1024 48128 0 0 0 1024 0 0
55.2 0 1024 46080 0 0 0 1024 0 0
55.25 0 1024 50176 0 0 0 1024 0 0
55.3 1024 0 48128 0 0 0 1024 0 0
55.35 1024 0 49152 0 1024 0 1024 0 0
55.4 0 0 52224 0 1024 0 1024 0 1024
55.45 1024 0 51200 0 0 0 0 0 1088
55.5 1024 0 50176 0 0 0 1024 0 1024
55.55 0 0 54272 0 0 0 1024 0 1024
55.6 0 0 52224 0 0 0 1024 0 1024
55.65 0 0 52224 0 0 0 0 0 1024
55.7 0 0 56320 0 0 0 1024 0 1024
55.75 0 0 55296 0 0 0 1024 0 1024
55.8 0 0 55360 0 0 0 1024 0 1024
55.85 0 0 58432 0 0 0 1024 0 1024
55.9 1024 0 57344 0 0 0 1024 0 1024
55.95 0 1024 57344 0 0 0 1024 1024 0
56 0 0 61440 0 0 0 1024 1024 0
56.05 0 1024 59392 0 0 0 1024 0 1024
56.1 1024 1024 59392 0 1024 0 1024 0 1024
56.15 1024 0 62464 0 1024 0 1024 0 1024
56.2 1024 1024 63488 0 1024 0 64 1024 0
56.25 0 0 62464 0 0 0 1024 0 1024
56.3 1024 0 66560 0 1024 0 0 0 1024
56.35 0 0 65536 0 1024 0 0 0 1024
56.4 0 0 64512 0 0 0 0 0 1024
56.45 0 0 67584 0 0 0 0 1024 0
56.5 0 0 66560 0 0 0 0 0 1024
56.55 1024 0 66560 0 0 0 1024 0 0
56.6 0 0 69632 0 0 0 1024 0 0
56.65 1024 0 69632 0 0 0 0 0 0
56.7 1024 0 69632 0 0 0 0 0 0
56.75 0 0 72704 0 0 0 1024 0 0
56.8 1024 0 71680 0 0 0 1024 0 1024
56.85 0 1024 70656 0 0 0 1024 0 1088
56.9 1024 0 75776 0 1024 0 1024 0 1088
56.95 0 0 74752 0 1024 0 1024 1024 0
57 0 0 74752 0 0 0 1024 0 1024
57.05 0 1024 74752 0 0 0 1024 0 1024
57.1 1024 0 76800 0 0 0 2048 0 1024
57.15 0 0 77824 0 0 0 1024 0 1024
57.2 0 1024 75776 0 0 0 0 1024 0
57.25 0 1024 79936 0 0 0 0 1024 0
57.3 0 0 78848 0 0 0 1024 0 1024
57.35 0 0 77824 0 1024 0 1024 0 1024
57.4 1024 0 81920 0 0 0 0 0 1024
57.45 0 1024 81920 0 0 0 1024 1024 0
57.5 0 0 81920 0 0 0 1024 0 1024
57.55 0 1024 83968 0 0 0 0 0 1024
57.6 0 64 82944 0 0 0 1024 1024 0
57.65 1024 0 83968 0 0 0 64 0 1024
57.7 0 1024 82944 0 0 0 1024 1024 0
57.75 1024 0 87040 0 1024 0 0 1024 0
57.8 0 0 87040 0 0 0 0 0 1024
57.85 1024 0 84992 0 0 0 0 0 1024
57.9 1024 0 89088 0 1024 0 0 0 1024
57.95 1024 0 88064 0 0 0 0 0 1024
58 64 1024 88064 0 1024 0 0 0 0
58.05 64 0 88064 0 1024 0 0 0 0
58.1 0 1024 91136 0 0 0 0 0 0
58.15 0 0 91136 0 0 0 1024 0 0
58.2 0 0 89088 0 0 0 1024 0 1024
58.25 0 0 92160 0 0 0 1024 0 1024
58.3 1024 0 93184 0 0 0 1024 1088 0
58.35 1024 1024 92160 0 0 0 1024 0 1024
58.4 0 1024 92160 0 1024 0 1024 0 1024
58.45 0 0 96256 0 0 0 0 0 1024
58.5 0 1024 95232 0 0 0 0 0 1024
58.55 0 0 96256 0 0 0 0 1024 0
58.6 0 0 98304 0 0 0 1024 0 1024
58.65 1024 0 97344 0 0 0 1024 0 1024
58.7 0 0 97344 0 0 0 1024 0 1024
58.75 1024 0 96256 0 0 0 1024 1024 0
58.8 1024 0 99328 0 0 0 1024 1024 0
58.85 0 0 100352 0 0 0 1024 0 1024
58.9 1024 1024 99328 0 0 0 0 0 1024
58.95 1024 1024 99328 0 0 0 0 1024 0
59 0 0 103424 0 1024 0 0 0 1024
59.05 0 0 102400 0 0 0 1088 0 1024
59.1 0 0 103424 0 0 0 0 1024 0
59.15 0 0 105472 0 0 0 0 0 1024
59.2 0 0 104448 0 0 0 0 0 1024
59.25 0 0 104448 0 0 0 0 0 1024
59.3 1024 0 103424 0 0 0 0 1024 0
59.35 1024 0 105472 0 0 0 0 0 1024
59.4 1024 1024 106496 0 0 0 1024 0 0
59.45 0 0 105472 0 1024 0 1024 0 0
59.5 1024 1024 105472 0 1024 0 1024 0 0
59.55 1024 0 109568 0 0 0 0 0 0
59.6 1024 1024 109568 0 1024 0 0 0 0
59.65 0 0 108544 0 1024 0 0 0 1024
59.7 1024 0 112640 0 0 0 1024 0 1088
59.75 1024 1024 111616 0 0 0 1024 0 1088
59.8 1024 0 111616 0 1088 0 1024 0 1024
59.85 0 0 111616 0 1024 0 0 1024 0
59.9 0 1024 114688 0 1024 0 1024 1024 0
59.95 1024 0 113664 0 0 0 1024 1024 0
60 0 0 113664 0 0 0 0 0 1024
60.05 3072 23744 69696 0 0 0 1024 1024 0
60.1 64768 20032 11328 0 0 0 1024 1024 0
60.15 91840 2048 4096 0 0 0 0 0 0
60.2 40896 1024 19520 0 0 0 0 1024 0
60.25 17408 1024 19456 0 0 0 0 1024 0
60.3 0 0 3072 0 0 0 0 1024 0
60.35 0 0 0 0 0 0 0 0 0
60.4 0 0 1024 0 0 0 0 0 0
60.45 0 0 0 0 0 0 0 0 0
60.5 0 0 0 0 0 0 0 0 0
60.55 0 0 0 0 0 0 0 0 0
60.6 0 0 0 0 0 0 0 0 0
60.65 0 0 0 0 0 0 0 0 0
60.7 0 0 0 0 0 0 0 0 0
60.75 0 0 0 0 0 0 0 0 0
60.8 0 0 0 0 0 0 0 0 0
60.85 0 0 1024 0 0 0 0 0 0
60.9 0 0 1024 0 0 0 12288 0 0
60.95 0 0 0 0 0 0 0 0 0
61 0 0 0 0 0 0 0 0 0
61.05 0 0 0 0 0 0 0 0 0
61.1 0 0 1024 0 0 0 2048 0 1024
61.15 0 0 1024 0 0 0 1024 0 0
61.2 1024 0 0 0 0 0 0 0 0
61.25 0 0 0 0 0 0 0 0 1024
61.3 0 0 2048 0 0 0 0 0 1024
61.35 0 0 1024 0 0 0 1024 0 1024
61.4 0 0 1024 0 4096 0 0 0 0
61.45 0 0 0 0 0 0 0 0 0
61.5 0 0 0 0 0 0 0 0 1024
61.55 0 0 17408 0 0 0 0 1024 0
61.6 0 64 0 0 0 0 1024 0 1024
61.65 0 1024 3072 0 0 0 64 1024 0
61.7 0 0 0 0 0 0 0 0 1024
61.75 1024 0 5120 0 0 0 0 0 0
61.8 0 0 0 0 0 0 0 0 0
61.85 0 0 1024 0 0 0 1024 0 1024
61.9 0 0 0 0 0 0 1088 0 1024
61.95 0 0 2048 0 1024 0 1024 0 0
62 0 0 0 0 0 0 1024 0 1024
62.05 0 1024 1024 0 0 0 0 0 1024
62.1 0 0 5120 0 0 0 0 0 1024
62.15 0 0 0 0 1024 0 0 0 1024
62.2 0 0 8192 0 0 0 0 1024 0
62.25 0 0 0 0 0 0 2048 0 1024
62.3 0 0 4096 0 0 0 0 0 1024
62.35 0 64 1024 0 0 0 1024 0 1024
62.4 0 1024 5120 0 0 0 1024 0 1024
62.45 0 64 2048 0 0 0 0 0 1024
62.5 0 0 3072 0 0 0 1088 0 1024
62.55 0 0 0 0 0 0 1024 0 1024
62.6 0 0 1024 0 0 0 1088 1024 0
62.65 0 0 5120 0 1024 0 1024 0 1024
62.7 0 1024 0 0 0 0 1088 0 1024
62.75 0 0 11264 0 0 0 0 0 1024
62.8 0 0 2048 0 0 0 0 0 1024
62.85 0 0 10240 0 0 0 0 0 1024
62.9 0 0 2048 0 0 0 0 0 1024
62.95 0 0 5120 0 0 0 1024 0 1024
63 0 1024 3072 0 0 0 0 0 1024
63.05 0 0 0 0 0 0 0 0 0
63.1 1024 0 0 0 0 0 0 0 0
63.15 1024 0 1024 0 1024 0 0 0 0
63.2 1024 0 0 0 0 0 0 1024 0
63.25 0 0 1024 0 0 0 0 0 0
63.3 0 0 0 0 0 0 0 0 0
63.35 0 0 0 0 1024 0 0 1024 0
63.4 0 0 0 0 0 0 0 0 0
63.45 0 0 0 0 1024 0 0 0 0
63.5 0 0 0 0 0 0 0 0 0
63.55 0 0 0 0 1024 0 0 0 0
63.6 0 0 0 0 0 0 0 0 0
63.65 0 0 0 0 0 0 0 0 0
63.7 0 0 1024 0 0 0 0 0 0
63.75 0 0 0 0 0 0 0 0 0
63.8 0 0 1024 0 1024 0 0 0 0
63.85 0 0 1024 0 0 0 0 0 0
63.9 0 1024 1024 0 0 0 0 0 0
63.95 0 0 1024 0 1024 0 0 0 0
64 1024 1024 0 0 64 0 0 0 0
64.05 0 0 0 0 1088 0 0 0 0
64.1 0 1024 0 0 0 0 0 0 0
64.15 1024 0 0 0 1024 0 0 0 0
64.2 2048 1024 0 0 0 0 0 0 0
64.25 0 0 0 0 1024 0 0 0 0
64.3 2048 1024 0 0 0 0 0 0 0
64.35 0 0 0 0 0 0 0 0 0
64.4 1024 0 0 0 0 0 0 0 0
64.45 0 0 0 0 0 0 0 0 0
64.5 1024 0 0 0 1024 0 0 0 0
64.55 1024 1024 64 0 0 0 0 1024 0
64.6 0 0 0 0 0 0 0 0 0
64.65 1024 0 0 0 1024 0 0 1024 0
64.7 1024 1024 0 0 1024 0 0 0 0
64.75 0 0 1024 0 1024 0 0 1024 0
64.8 0 1024 0 0 0 0 0 0 0
64.85 0 0 1024 0 0 0 0 1024 0
64.9 0 1024 1024 0 0 0 0 0 0
64.95 0 1024 1024 0 0 0 0 1024 0
65 0 1024 0 0 0 0 0 0 0
65.05 0 1024 1024 0 0 0 0 1024 0
65.1 0 1024 0 0 0 0 0 0 0
65.15 1024 1024 1024 0 0 0 0 0 0
65.2 0 0 0 0 0 0 0 0 0
65.25 2048 1024 1024 0 0 0 0 0 0
65.3 0 0 1024 0 0 0 0 1024 0
65.35 2048 1024 0 0 0 0 0 0 0
65.4 0 1024 1024 0 0 0 0 0 0
65.45 2048 1024 1024 0 1024 0 0 1024 0
65.5 1024 1024 1024 0 0 0 0 0 0
65.55 1024 0 1024 0 0 0 0 1024 0
65.6 0 0 0 0 0 0 0 1024 0
65.65 1024 0 0 0 1024 0 0 1024 0
65.7 0 0 0 0 1024 0 0 1024 0
65.75 0 0 0 0 0 0 0 1024 0
65.8 0 0 1024 0 0 0 0 1024 0
65.85 1024 0 0 0 0 0 0 0 0
65.9 0 0 1024 0 0 0 0 1024 0
65.95 0 0 0 0 1024 0 0 0 0
66 0 1024 1024 0 0 0 0 1024 0
66.05 0 0 0 0 1024 0 0 0 0
66.1 1024 1024 1024 0 1024 0 0 1024 0
66.15 0 0 0 0 0 0 0 1024 0
66.2 0 1024 1024 0 1024 0 0 1024 0
66.25 1024 0 1024 0 1024 0 0 1024 0
66.3 2048 1024 1024 0 1024 0 0 0 0
66.35 1024 64 0 0 1024 0 0 0 0
66.4 2048 1024 1024 0 0 0 0 0 0
66.45 1024 1088 0 0 64 0 0 0 0
66.5 2048 1024 0 0 1024 0 0 0 0
66.55 1024 0 0 0 0 0 0 0 0
66.6 1024 1024 1024 0 1024 0 0 0 0
66.65 1024 0 0 0 0 0 0 1024 0
66.7 1024 1024 0 0 1024 0 0 0 0
66.75 0 0 0 0 0 0 0 1024 0
66.8 1024 1024 0 0 1024 0 0 0 0
66.85 1024 1024 1024 0 0 0 0 1024 0
66.9 1024 0 0 0 2048 0 0 0 0
66.95 0 1024 1024 0 0 0 0 1024 0
67 1088 1024 1024 0 1024 0 0 0 0
67.05 1024 1024 1024 0 1024 0 0 0 0
67.1 64 1024 1024 0 1024 0 0 0 0
67.15 0 1024 1024 0 0 0 0 0 0
67.2 0 0 1024 0 1024 0 0 1024 0
67.25 2048 1024 1024 0 0 0 0 0 0
67.3 0 0 1024 0 0 0 0 0 0
67.35 2048 1024 1024 0 0 0 0 0 0
67.4 0 0 1024 0 1024 0 0 0 0
67.45 2048 1024 1024 0 1024 0 0 1024 0
67.5 0 0 0 0 0 0 0 64 0
67.55 2112 1024 1024 0 1024 0 0 1024 0
67.6 0 0 1024 0 0 0 0 1024 0
67.65 2048 1024 1024 0 1024 0 0 0 0
67.7 0 0 0 0 0 0 0 1024 0
67.75 2048 1024 1024 0 1024 0 0 1024 0
67.8 0 1024 0 0 1024 0 0 1024 0
67.85 1024 1024 0 0 0 0 0 1024 0
67.9 0 0 1024 0 1024 0 0 1024 0
67.95 1024 1024 1024 0 0 0 0 0 0
68 1024 0 1024 0 1024 0 0 1024 0
68.05 1024 0 0 0 1024 0 0 0 0
68.1 0 1024 1088 0 1024 0 0 1024 0
68.15 1024 1024 0 0 0 0 0 0 0
68.2 0 1024 1088 0 1024 0 0 1024 0
68.25 1024 0 0 0 1024 0 0 0 0
68.3 2048 1024 1024 0 0 0 0 1024 0
68.35 1024 0 0 0 1024 0 0 0 0
68.4 2048 1024 1024 0 1024 0 0 1024 0
68.45 0 0 0 0 1024 0 0 0 0
68.5 2048 1024 1024 0 1024 0 0 1024 0
68.55 1024 1024 0 0 1024 0 0 1024 0
68.6 2048 1024 1024 0 1024 0 0 1024 0
68.65 1024 1024 0 0 0 0 0 1024 0
68.7 2048 1024 1024 0 1024 0 0 1024 0
68.75 0 1088 1024 0 1024 0 0 1024 0
68.8 2048 1024 1024 0 1024 0 0 0 0
68.85 0 1024 1024 0 0 0 0 1024 0
68.9 2048 1024 1024 0 1024 0 0 1024 0
68.95 0 1024 1024 0 0 0 0 1024 0
69 1024 1024 1024 0 1024 0 0 0 0
69.05 0 0 1024 0 0 0 0 1024 0
69.1 1024 1024 1024 0 1024 0 0 0 0
69.15 0 1024 1024 0 0 0 0 1024 0
69.2 1024 1024 64 0 2048 0 0 0 0
69.25 0 1024 1024 0 0 0 0 1024 0
69.3 1088 1024 1024 0 1024 0 0 1024 0
69.35 2048 1024 1024 0 0 0 0 0 0
69.4 1088 0 1024 0 1024 0 0 1024 0
69.45 2048 1024 1024 0 0 0 0 0 0
69.5 1024 1024 0 0 1024 0 0 1024 0
69.55 2048 1024 1024 0 1024 0 0 0 0
69.6 0 0 0 0 1024 0 0 1024 0
69.65 2048 1024 1024 0 1024 0 0 0 0
69.7 1024 0 0 0 1024 0 0 1024 0
69.75 2048 1024 1024 0 1024 0 0 1024 0
69.8 0 0 0 0 1024 0 0 1088 0
69.85 2048 1024 1024 0 1024 0 0 1024 0
69.9 0 0 1024 0 1024 0 0 1024 0
69.95 2048 1024 1024 0 1088 0 0 1024 0
70 0 0 1024 0 64 0 0 1024 0
70.05 3072 1024 1024 0 3072 0 0 1024 0
70.1 1024 1024 1024 0 1024 0 0 0 0
70.15 1024 1024 1024 0 1024 0 0 0 0
70.2 1024 1024 1024 0 1024 0 0 1024 0
70.25 1024 1024 1024 0 1024 0 0 1024 0
70.3 2048 1024 1024 0 0 0 0 1024 0
70.35 1024 1024 0 0 0 0 0 0 0
70.4 2048 1024 1024 0 0 0 0 1024 0
70.45 1024 1024 1024 0 0 0 0 0 0
70.5 2048 1024 1024 0 0 0 0 1024 0
70.55 1024 1024 64 0 0 0 0 0 0
70.6 2048 1024 1024 0 0 0 0 1024 0
70.65 1024 1024 0 0 0 0 0 1024 0
70.7 2048 1024 1024 0 1024 0 0 0 0
70.75 0 0 0 0 0 0 0 1024 0
70.8 2048 1024 1024 0 1024 0 0 1024 0
70.85 1024 1024 1024 0 0 0 0 1024 0
70.9 2048 1024 1024 0 1024 0 0 1024 0
70.95 0 1024 1024 0 1024 0 0 1024 0
71 2048 1024 1024 0 1024 0 0 1024 0
71.05 1024 1024 1024 0 1024 0 0 1024 0
71.1 2048 1024 1024 0 1024 0 0 1024 0
71.15 0 1088 1024 0 0 0 0 1024 0
71.2 2048 1088 1024 0 1024 0 0 1024 0
71.25 0 1024 1024 0 0 0 0 1024 0
71.3 1024 1024 1024 0 1024 0 0 1024 0
71.35 2048 1088 1024 0 0 0 0 1024 0
71.4 1024 1024 1024 0 1024 0 0 1024 0
71.45 2048 1024 1024 0 0 0 0 1024 0
71.5 0 1024 1024 0 2048 0 0 0 0
71.55 2048 1024 1024 0 1024 0 0 1024 0
71.6 1024 1024 1024 0 1024 0 0 1024 0
71.65 2048 1024 1024 0 1024 0 0 1024 0
71.7 1024 1024 0 0 1024 0 0 1024 0
71.75 2048 1024 1024 0 1024 0 0 1024 0
71.8 1088 1024 1024 0 1024 0 0 0 0
71.85 2048 1024 1024 0 1024 0 0 0 0
71.9 1088 0 1024 0 1024 0 0 0 0
71.95 2048 1024 1024 0 1024 0 0 0 0
72 1024 0 1024 0 1024 0 0 0 0
72.05 2048 1024 1024 0 1024 0 0 0 0
72.1 1024 1024 1024 0 1024 0 0 0 0
72.15 2048 1024 1024 0 1024 0 0 0 0
72.2 1024 1024 1024 0 1024 0 0 1024 0
72.25 2048 1024 0 0 1024 0 0 0 0
72.3 1024 1024 1024 0 1024 0 0 1088 0
72.35 2048 1024 1024 0 1024 0 0 0 0
72.4 2048 1024 1024 0 0 0 0 1024 0
72.45 1024 1024 1024 0 1088 0 0 1024 0
72.5 2048 1024 1024 0 0 0 0 1024 0
72.55 1024 1024 1024 0 1024 0 0 1024 0
72.6 2048 1024 1024 0 0 0 0 1024 0
72.65 1024 1024 1024 0 1024 0 0 0 0
72.7 2048 1024 1024 0 0 0 0 1024 0
72.75 1024 1024 1024 0 0 0 0 1024 0
72.8 2048 1024 1024 0 0 0 0 1024 0
72.85 1024 1024 1088 0 0 0 0 1024 0
72.9 2048 1024 1024 0 0 0 0 1024 0
72.95 1024 1024 1088 0 0 0 0 1024 0
73 2048 1024 1024 0 1024 0 0 1024 0
73.05 1024 1024 1024 0 0 0 0 1024 0
73.1 2048 1024 1088 0 1024 0 0 1024 0
73.15 1024 1024 1024 0 0 0 0 1024 0
73.2 2048 1024 1024 0 1024 0 0 1024 0
73.25 2048 1024 1024 0 1024 0 0 1024 0
73.3 2048 1024 1024 0 1024 0 0 1024 0
73.35 2048 1024 1024 0 1024 0 0 1024 0
73.4 3072 1024 1024 0 1024 0 0 1024 0
73.45 3072 1088 1024 0 1024 0 0 1024 0
73.5 4096 1088 1024 0 1024 0 0 1024 0
73.55 4096 1024 1024 0 1024 0 0 1024 0
73.6 4096 1024 1024 0 1024 0 0 1024 0
73.65 5120 1024 1024 0 1024 0 0 1024 0
73.7 5120 1024 1024 0 1024 0 0 1024 0
73.75 6144 1024 1024 0 1024 0 0 1024 0
73.8 6144 1024 1024 0 1024 0 0 0 0
73.85 7232 1024 1024 0 1024 0 0 0 0
73.9 7168 1024 1024 0 1024 0 0 0 0
73.95 8192 1024 1024 0 1024 0 0 0 0
74 8192 1024 1024 0 1024 0 0 0 0
74.05 9216 1024 1024 0 1024 0 0 1024 0
74.1 9216 1024 1024 0 1024 0 0 1088 0
74.15 10240 1024 1024 0 1024 0 0 1088 0
74.2 10240 1024 1024 0 1088 0 0 1024 0
74.25 10240 1024 1024 0 1088 0 0 1024 0
74.3 11264 1024 1024 0 1024 0 0 1024 0
74.35 11264 1024 1024 0 0 0 0 1024 0
74.4 12288 1024 1024 0 0 0 0 1024 0
74.45 12288 1024 1024 0 0 0 0 1024 0
74.5 13312 1024 1088 0 0 0 0 1024 0
74.55 13312 1024 1024 0 0 0 0 1024 0
74.6 13312 1024 1024 0 1024 0 0 1024 0
74.65 14336 1024 1024 0 1024 0 0 1024 0
74.7 14336 1024 1024 0 2048 0 0 1024 0
74.75 15360 1024 1024 0 1024 0 0 1024 0
74.8 15360 1024 1024 0 1024 0 0 1024 0
74.85 0 1088 1024 0 0 0 0 1024 0
74.9 0 64 0 0 0 0 0 0 0
