0 0 0 0
0.05 0 0 0
0.1 0 0 0
0.15 0 0 0
0.2 0 0 0
0.25 0 0 0
0.3 0 0 0
0.35 0 0 0
0.4 0 0 0
0.45 0 0 0
0.5 0 0 0
0.55 0.16384 0 0
0.6 0 0 0
0.65 0.49152 0 0
0.7 0 0 0
0.75 0.98304 0 0
0.8 0 0 0
0.85 1.96608 0 0
0.9 0 0 0
0.95 3.93216 0 0
1 0 0 0
1.05 7.86432 0 0
1.1 0 0 0
1.15 10.4858 0 0
1.2 5.24288 0 0
1.25 8.84736 0 0
1.3 19.9885 0 0
1.35 9.8304 0 0
1.4 19.9885 0 0
1.45 19.9885 0 0
1.5 19.9885 0 0
1.55 19.9885 0 0
1.6 19.9885 0 0
1.65 19.9885 0 0
1.7 19.9885 0 0
1.75 19.9885 0 0
1.8 19.9885 0 0
1.85 19.9885 0 0
1.9 19.9885 0 0
1.95 19.9885 0 0
2 19.9885 0 0
2.05 19.9885 0 0
2.1 19.9885 0 0
2.15 19.9885 0 0
2.2 19.9885 0 0
2.25 20.3162 0 0
2.3 2.4576 0 0
2.35 0 0 0
2.4 0 0 0
2.45 0 0 0
2.5 0 0 0
2.55 0.32768 0 0
2.6 0 0 0
2.65 0.32768 0 0
2.7 0.32768 0 0
2.75 0 0 0
2.8 1.31072 0 0
2.85 0 0 0
2.9 2.62144 0 0
2.95 0 0 0
3 5.24288 0 0
3.05 0 0 0
3.1 10.4858 0 0
3.15 0 0 0
3.2 12.1242 0 0
3.25 8.84736 0 0
3.3 10.4858 0 0
3.35 19.9885 0 0
3.4 19.9885 0 0
3.45 19.9885 0 0
3.5 19.9885 0 0
3.55 19.9885 0 0
3.6 19.9885 0 0
3.65 19.9885 0 0
3.7 19.9885 0 0
3.75 4.9152 0 0
3.8 0 0 0
3.85 0 0 0
3.9 0 0 0
3.95 0 0 0
4 3.93216 0 0
4.05 0 0 0
4.1 0 0 0
4.15 0.16384 0 0
4.2 0 0 0
4.25 0.32768 0 0
4.3 0 0 0
4.35 0.65536 0 0
4.4 0 0 0
4.45 1.31072 0 0
4.5 0 0 0
4.55 2.62144 0 0
4.6 0 0 0
4.65 5.24288 0 0
4.7 0 0 0
4.75 3.60448 0 0
4.8 6.88128 0 0
4.85 1.96608 0 0
4.9 19.0054 0 0
4.95 0.32768 0 0
5 16.2202 0 0
5.05 9.99424 0 0
5.1 9.50272 0 0
5.15 9.99424 0 0
5.2 9.99424 0 0
5.25 9.99424 0 0
5.3 10.1581 0 0
5.35 9.99424 0 0
5.4 10.1581 0 0
5.45 9.99424 0 0
5.5 9.99424 0 0
5.55 10.1581 0 0
5.6 9.99424 0 0
5.65 9.99424 0 0
5.7 10.1581 0 0
5.75 9.99424 0 0
5.8 9.99424 0 0
5.85 10.3219 0 0
5.9 9.99424 0 0
5.95 9.99424 0 0
6 10.1581 0 0
6.05 9.99424 0 0
6.1 10.1581 0 0
6.15 9.99424 0 0
6.2 9.99424 0 0
6.25 10.1581 0 0
6.3 9.99424 0 0
6.35 9.99424 0 0
6.4 10.1581 0 0
6.45 9.99424 0 0
6.5 9.99424 0 0
6.55 10.1581 0 0
6.6 9.99424 0 0
6.65 9.99424 0 0
6.7 10.1581 0 0
6.75 9.99424 0 0
6.8 9.99424 0 0
6.85 10.1581 0 0
6.9 9.99424 0 0
6.95 9.99424 0 0
7 10.1581 0 0
7.05 9.99424 0 0
7.1 9.99424 0 0
7.15 10.1581 0 0
7.2 9.99424 0 0
7.25 10.1581 0 0
7.3 10.1581 0 0
7.35 9.99424 0 0
7.4 9.99424 0 0
7.45 10.1581 0 0
7.5 9.99424 0 0
7.55 9.99424 0 0
7.6 10.1581 0 0
7.65 9.99424 0 0
7.7 9.99424 0 0
7.75 10.1581 0 0
7.8 9.99424 0 0
7.85 9.99424 0 0
7.9 10.1581 0 0
7.95 9.99424 0 0
8 9.99424 0 0
8.05 10.1581 0 0
8.1 9.99424 0 0
8.15 9.99424 0 0
8.2 10.1581 0 0
8.25 9.99424 0 0
8.3 9.99424 0 0
8.35 10.1581 0 0
8.4 9.99424 0 0
8.45 9.99424 0 0
8.5 10.1581 0 0
8.55 9.99424 0 0
8.6 9.99424 0 0
8.65 10.3219 0 0
8.7 9.99424 0 0
8.75 9.99424 0 0
8.8 10.1581 0 0
8.85 9.99424 0 0
8.9 9.99424 0 0
8.95 9.99424 0 0
9 10.1581 0 0
9.05 9.99424 0 0
9.1 9.99424 0 0
9.15 10.1581 0 0
9.2 9.99424 0 0
9.25 9.99424 0 0
9.3 10.1581 0 0
9.35 9.99424 0 0
9.4 9.99424 0 0
9.45 10.1581 0 0
9.5 9.99424 0 0
9.55 9.99424 0 0
9.6 10.1581 0 0
9.65 9.99424 0 0
9.7 9.99424 0 0
9.75 9.99424 0 0
9.8 10.1581 0 0
9.85 9.99424 0 0
9.9 9.99424 0 0
9.95 10.1581 0 0
10 9.99424 0.16384 0
10.05 9.99424 0 0
10.1 9.99424 0 0
10.15 9.99424 0.49152 0
10.2 9.66656 0 0
10.25 10.1581 0.65536 0
10.3 9.50272 0.32768 0
10.35 9.99424 0 0
10.4 9.99424 1.96608 0
10.45 9.17504 0 0
10.5 9.99424 0 0
10.55 9.33888 3.93216 0
10.6 8.84736 0 0
10.65 9.99424 2.62144 0
10.7 8.02816 5.24288 0
10.75 8.02816 0 0
10.8 10.1581 3.2768 0
10.85 7.3728 4.25984 0
10.9 8.84736 0 0
10.95 9.99424 4.25984 0
11 7.20896 3.2768 0
11.05 9.17504 0 0
11.1 9.99424 5.24288 0
11.15 6.71744 2.29376 0
11.2 5.57056 0 0
11.25 0 5.89824 0
11.3 4.096 1.6384 0
11.35 9.99424 9.8304 0
11.4 3.2768 5.24288 0
11.45 0 8.84736 0
11.5 0 7.04512 0
11.55 0 0 0
11.6 0 0 0
11.65 0 0.32768 0
11.7 0 0.65536 0
11.75 0 1.31072 0
11.8 0 2.62144 0
11.85 0 0 0
11.9 0 5.24288 0
11.95 0 10.4858 0
12 0 8.84736 0
12.05 0 12.4518 0
12.1 0 9.99424 0
12.15 0.16384 10.1581 0
12.2 0 9.8304 0
12.25 0.32768 10.1581 0
12.3 0 9.99424 0
12.35 0 9.99424 0
12.4 0.65536 9.99424 0
12.45 0 10.1581 0
12.5 0 9.33888 0
12.55 1.31072 10.1581 0
12.6 0 9.99424 0
12.65 0 8.84736 0
12.7 2.62144 9.99424 0
12.75 0 10.1581 0
12.8 0 7.3728 0
12.85 5.24288 10.1581 0
12.9 0 9.99424 0
12.95 0 5.7344 0
13 8.68352 9.17504 0
13.05 0.16384 9.99424 0
13.1 0 5.24288 0
13.15 5.57056 6.06208 0
13.2 3.44064 9.99424 0
13.25 0 7.53664 0
13.3 3.44064 5.89824 0
13.35 4.096 7.70048 0
13.4 1.6384 9.8304 0
13.45 1.14688 5.57056 0
13.5 4.096 6.88128 0
13.55 3.11296 8.84736 0
13.6 0.98304 7.53664 0
13.65 3.11296 6.5536 0
13.7 3.2768 7.70048 0
13.75 2.4576 9.17504 0
13.8 1.31072 6.22592 0
13.85 3.76832 7.20896 0
13.9 2.62144 8.02816 0
13.95 2.12992 7.70048 0
14 2.62144 6.88128 0
14.05 3.11296 7.53664 0
14.1 2.78528 7.86432 0
14.15 1.80224 7.3728 0
14.2 2.94912 7.04512 0
14.25 2.78528 7.3728 0
14.3 2.78528 8.35584 0
14.35 1.80224 6.88128 0
14.4 3.2768 7.20896 0
14.45 2.62144 7.70048 0
14.5 2.4576 7.86432 0
14.55 2.4576 6.88128 0
14.6 2.94912 7.53664 0
14.65 2.4576 7.53664 0
14.7 2.78528 7.53664 0
14.75 2.62144 7.3728 0
14.8 2.78528 7.3728 0
14.85 2.29376 7.3728 0
14.9 2.94912 7.53664 0
14.95 2.78528 7.20896 0
15 2.4576 7.53664 0
15.05 2.62144 7.53664 0
15.1 2.94912 7.20896 0
15.15 2.62144 7.20896 0
15.2 2.62144 7.53664 0
15.25 2.4576 7.04512 0
15.3 2.94912 7.3728 0
15.35 2.78528 7.3728 0
15.4 2.4576 7.53664 0
15.45 2.62144 7.04512 0
15.5 3.11296 7.53664 0
15.55 2.78528 7.3728 0
15.6 2.4576 7.3728 0
15.65 2.62144 7.04512 0
15.7 3.11296 7.53664 0
15.75 2.62144 7.3728 0
15.8 2.78528 7.3728 0
15.85 2.62144 7.20896 0
15.9 3.11296 0 0
15.95 2.62144 3.60448 0
16 2.78528 7.20896 0
16.05 2.4576 1.6384 0
16.1 6.22592 0 0
16.15 2.78528 0 0
16.2 8.35584 0 0
16.25 2.94912 0 0
16.3 7.86432 0 0
16.35 3.60448 0 0
16.4 7.3728 0 0
16.45 4.25984 0 0
16.5 6.88128 0 0
16.55 5.07904 0 0
16.6 6.22592 0 0
16.65 5.7344 0 0
16.7 5.57056 0.16384 0
16.75 6.88128 0.32768 0
16.8 4.9152 0.65536 0
16.85 7.53664 0 0
16.9 4.25984 1.31072 0
16.95 8.192 2.62144 0
17 3.76832 2.94912 0
17.05 7.04512 2.62144 0
17.1 4.58752 5.89824 0
17.15 6.38976 3.60448 0
17.2 5.57056 5.07904 0
17.25 5.57056 4.096 0
17.3 6.22592 4.25984 0
17.35 5.40672 4.42368 0
17.4 5.7344 4.9152 0
17.45 5.7344 4.25984 0
17.5 5.89824 4.25984 0
17.55 5.24288 4.9152 0
17.6 5.57056 4.58752 0
17.65 5.7344 4.25984 0
17.7 5.89824 4.42368 0
17.75 5.57056 4.58752 0
17.8 5.07904 4.9152 0
17.85 5.57056 4.75136 0
17.9 5.7344 4.42368 0
17.95 5.89824 4.42368 0
18 5.57056 4.42368 0
18.05 5.24288 4.75136 0
18.1 5.24288 5.07904 0
18.15 5.57056 4.75136 0
18.2 5.40672 4.75136 0
18.25 5.57056 4.42368 0
18.3 5.7344 4.75136 0
18.35 5.40672 4.42368 0
18.4 5.89824 4.75136 0
18.45 5.07904 4.42368 0
18.5 5.24288 4.75136 0
18.55 5.57056 4.9152 0
18.6 5.24288 4.9152 0
18.65 5.07904 4.75136 0
18.7 5.7344 4.9152 0
18.75 5.07904 4.75136 0
18.8 5.7344 4.75136 0
18.85 5.07904 4.75136 0
18.9 5.57056 4.75136 0
18.95 5.24288 4.75136 0
19 5.57056 4.9152 0
19.05 5.07904 4.58752 0
19.1 5.57056 5.07904 0
19.15 5.24288 4.58752 0
19.2 5.24288 4.9152 0
19.25 5.57056 4.58752 0
19.3 5.07904 5.07904 0
19.35 5.24288 4.58752 0
19.4 5.57056 4.9152 0
19.45 5.07904 4.75136 0
19.5 5.40672 4.9152 0
19.55 5.40672 4.9152 0
19.6 5.24288 4.42368 0
19.65 5.24288 4.9152 0
19.7 5.40672 5.07904 0
19.75 5.24288 4.9152 0
19.8 5.24288 4.58752 0
19.85 5.40672 5.07904 0
19.9 5.07904 4.9152 0
19.95 5.24288 5.07904 0
20 5.40672 4.75136 0
20.05 5.24288 4.75136 0.16384
20.1 5.07904 4.9152 0.49152
20.15 5.07904 4.42368 0.98304
20.2 5.07904 5.07904 1.96608
20.25 5.07904 4.75136 0
20.3 5.40672 4.9152 3.93216
20.35 4.58752 5.07904 7.86432
20.4 5.57056 4.9152 6.88128
20.45 3.11296 4.9152 9.50272
20.5 5.07904 4.9152 14.0902
20.55 3.11296 5.7344 14.7456
20.6 3.60448 4.9152 12.4518
20.65 2.78528 6.5536 14.7456
20.7 2.29376 6.06208 15.7286
20.75 1.31072 7.20896 16.7117
20.8 0 7.3728 18.3501
20.85 0 9.33888 18.6778
20.9 0 10.1581 19.3331
20.95 0 9.99424 18.6778
21 0 10.1581 19.9885
21.05 0 10.1581 19.9885
21.1 0 10.1581 19.9885
21.15 0 10.1581 17.5309
21.2 0 9.99424 0
21.25 0 10.1581 0
21.3 0 10.1581 0
21.35 0 10.1581 0
21.4 0 9.99424 0
21.45 0.16384 10.3219 0
21.5 0 9.99424 0
21.55 0.32768 9.99424 0
21.6 0 10.1581 0
21.65 0.32768 9.8304 0
21.7 0.32768 9.99424 0
21.75 0 9.50272 0
21.8 1.31072 10.1581 0
21.85 0 8.68352 0
21.9 2.62144 10.1581 0
21.95 0 10.1581 0
22 0.98304 7.3728 0
22.05 3.44064 10.1581 0
22.1 0 7.20896 0
22.15 3.76832 8.51968 0
22.2 0.8192 9.33888 0
22.25 1.14688 6.88128 0
22.3 3.44064 9.33888 0
22.35 0.16384 8.192 0
22.4 2.29376 7.3728 0
22.45 2.62144 9.99424 0
22.5 0.32768 7.53664 0.16384
22.55 2.62144 7.70048 0.32768
22.6 2.12992 9.33888 0
22.65 1.14688 7.70048 0.49152
22.7 2.29376 8.192 0.65536
22.75 1.80224 8.68352 0.8192
22.8 1.80224 8.02816 0.98304
22.85 2.4576 8.192 0
22.9 1.14688 8.51968 1.14688
22.95 2.29376 7.70048 1.31072
23 2.29376 8.68352 1.47456
23.05 1.14688 8.192 0.8192
23.1 2.29376 7.53664 0.8192
23.15 2.29376 9.0112 1.80224
23.2 1.31072 7.70048 1.96608
23.25 2.29376 7.86432 2.12992
23.3 2.29376 8.68352 0.49152
23.35 1.47456 8.02816 1.80224
23.4 2.12992 7.70048 2.4576
23.45 2.4576 8.68352 2.62144
23.5 1.47456 8.02816 2.78528
23.55 2.29376 7.70048 0.49152
23.6 2.29376 8.51968 2.4576
23.65 1.6384 8.192 3.11296
23.7 2.12992 7.70048 3.2768
23.75 2.4576 8.02816 2.4576
23.8 1.47456 8.35584 1.6384
23.85 1.96608 7.86432 2.94912
23.9 2.4576 7.86432 3.76832
23.95 1.96608 8.192 3.93216
24 1.96608 8.02816 2.62144
24.05 2.12992 7.70048 2.12992
24.1 2.29376 8.02816 3.60448
24.15 1.96608 8.192 4.42368
24.2 2.12992 7.70048 4.25984
24.25 2.62144 8.02816 2.94912
24.3 1.96608 7.86432 2.78528
24.35 1.96608 8.02816 4.25984
24.4 2.4576 8.192 5.07904
24.45 2.12992 7.86432 4.58752
24.5 1.96608 7.86432 3.11296
24.55 2.78528 7.86432 3.60448
24.6 1.6384 8.192 4.9152
24.65 2.12992 7.86432 5.7344
24.7 2.12992 7.3728 3.76832
24.75 2.78528 8.192 3.76832
24.8 1.80224 7.86432 5.24288
24.85 2.29376 7.70048 5.40672
24.9 2.62144 8.02816 5.57056
24.95 1.96608 7.86432 4.42368
25 2.4576 7.53664 4.58752
25.05 2.29376 8.02816 5.89824
25.1 2.12992 8.02816 6.06208
25.15 1.96608 7.3728 5.07904
25.2 2.29376 7.53664 5.57056
25.25 2.62144 8.02816 5.24288
25.3 2.29376 7.53664 6.5536
25.35 2.12992 7.86432 6.5536
25.4 2.62144 8.02816 5.57056
25.45 2.12992 7.70048 5.40672
25.5 2.12992 7.86432 6.38976
25.55 2.29376 7.53664 7.20896
25.6 2.62144 7.70048 6.22592
25.65 2.29376 7.86432 6.38976
25.7 2.29376 7.53664 6.22592
25.75 2.62144 8.192 7.04512
25.8 2.29376 7.70048 7.04512
25.85 1.96608 7.70048 6.88128
25.9 2.62144 7.53664 6.88128
25.95 2.4576 7.86432 7.20896
26 2.4576 7.70048 7.53664
26.05 2.12992 7.53664 7.04512
26.1 2.94912 7.53664 7.53664
26.15 2.12992 7.86432 7.53664
26.2 2.12992 7.86432 7.70048
26.25 2.4576 7.3728 7.53664
26.3 2.78528 8.02816 7.70048
26.35 2.12992 7.70048 8.02816
26.4 2.29376 7.53664 7.53664
26.45 2.29376 7.53664 7.70048
26.5 2.78528 7.70048 8.02816
26.55 2.29376 7.70048 7.86432
26.6 2.29376 7.53664 7.53664
26.65 2.62144 7.70048 7.70048
26.7 2.29376 7.70048 7.86432
26.75 2.4576 7.70048 7.70048
26.8 2.29376 7.53664 7.86432
26.85 2.4576 7.70048 7.70048
26.9 2.29376 7.86432 7.86432
26.95 2.29376 7.53664 7.70048
27 2.29376 7.53664 7.86432
27.05 2.62144 8.02816 7.70048
27.1 2.29376 7.53664 7.70048
27.15 2.4576 7.86432 7.86432
27.2 2.29376 7.53664 7.70048
27.25 2.4576 7.86432 7.70048
27.3 2.29376 7.86432 7.86432
27.35 2.4576 7.53664 7.70048
27.4 2.29376 7.53664 7.86432
27.45 2.4576 7.86432 7.86432
27.5 2.4576 7.70048 7.70048
27.55 2.12992 7.70048 7.70048
27.6 2.29376 7.53664 7.70048
27.65 2.29376 7.70048 7.86432
27.7 2.62144 7.70048 7.86432
27.75 2.29376 7.86432 7.70048
27.8 2.12992 7.86432 8.02816
27.85 2.4576 7.3728 7.53664
27.9 2.4576 8.02816 7.86432
27.95 2.29376 7.70048 7.86432
28 2.29376 7.53664 7.86432
28.05 2.29376 7.70048 7.70048
28.1 2.62144 7.86432 7.70048
28.15 2.29376 7.53664 7.86432
28.2 2.12992 7.86432 7.70048
28.25 2.29376 7.53664 7.86432
28.3 2.29376 7.70048 7.53664
28.35 2.62144 8.02816 8.02816
28.4 2.29376 7.53664 7.86432
28.45 2.12992 7.86432 7.70048
28.5 2.4576 7.3728 7.86432
28.55 2.4576 8.02816 7.53664
28.6 2.29376 7.86432 8.02816
28.65 2.29376 7.53664 7.70048
28.7 2.29376 7.70048 7.86432
28.75 2.12992 7.86432 7.53664
28.8 2.78528 7.70048 7.86432
28.85 2.12992 7.70048 7.70048
28.9 2.29376 7.86432 8.02816
28.95 2.29376 7.3728 7.70048
29 2.12992 8.02816 7.70048
29.05 2.62144 7.70048 7.86432
29.1 2.29376 7.70048 7.86432
29.15 2.29376 8.02816 7.70048
29.2 2.12992 7.3728 8.02816
29.25 2.62144 5.57056 7.53664
29.3 2.29376 0 8.02816
29.35 2.29376 0 7.70048
29.4 2.12992 1e-08 7.86432
29.45 2.29376 1e-08 7.70048
29.5 4.096 1e-08 5.07904
29.55 4.096 1e-08 7.04512
29.6 2.29376 1e-08 7.3728
29.65 4.096 1e-08 5.7344
29.7 4.25984 1e-08 6.71744
29.75 2.29376 1e-08 7.3728
29.8 3.93216 1e-08 5.7344
29.85 3.93216 1e-08 6.38976
29.9 2.78528 1e-08 7.70048
29.95 3.44064 1e-08 5.89824
30 4.42368 1e-08 6.71744
30.05 2.94912 1e-08 6.88128
30.1 2.29376 1e-08 6.38976
30.15 2.29376 1e-08 5.24288
30.2 4.42368 1e-08 0.8192
30.25 0 1e-08 0.49152
30.3 0.49152 1e-08 0.65536
30.35 1.6384 1e-08 0
30.4 0.49152 1e-08 0
30.45 0 1e-08 0
30.5 0 1e-08 0
30.55 0 1e-08 0
30.6 0 1e-08 0.16384
30.65 0 1e-08 0.32768
30.7 0 1e-08 0
30.75 0 1e-08 0.65536
30.8 0 1e-08 1.31072
30.85 0 1e-08 2.62144
30.9 0 1e-08 1.31072
30.95 0 1e-08 1.6384
31 0.16384 1e-08 3.11296
31.05 0 1e-08 3.2768
31.1 0.32768 1e-08 3.44064
31.15 0 1e-08 1.31072
31.2 0.65536 1e-08 2.29376
31.25 0 1e-08 3.76832
31.3 1.31072 1e-08 3.93216
31.35 0 1e-08 3.60448
31.4 2.29376 1e-08 1.80224
31.45 0 1e-08 2.94912
31.5 2.4576 1e-08 4.42368
31.55 0 1e-08 4.58752
31.6 2.62144 1e-08 2.62144
31.65 0 1e-08 2.78528
31.7 1.47456 1e-08 4.25984
31.75 1.31072 1e-08 5.07904
31.8 1.14688 1e-08 3.76832
31.85 1.80224 1e-08 4.25984
31.9 0.98304 1e-08 3.11296
31.95 2.12992 1e-08 5.07904
32 0.49152 1e-08 5.7344
32.05 2.78528 1e-08 4.25984
32.1 0.16384 1e-08 4.25984
32.15 3.2768 1e-08 3.93216
32.2 0 1e-08 5.7344
32.25 3.60448 1e-08 5.7344
32.3 0 1e-08 4.42368
32.35 3.76832 1e-08 4.42368
32.4 0 1e-08 5.57056
32.45 2.62144 1e-08 6.38976
32.5 1.31072 1e-08 4.9152
32.55 1.96608 1e-08 5.24288
32.6 2.12992 1e-08 5.57056
32.65 1.6384 1e-08 6.38976
32.7 2.62144 1e-08 6.38976
32.75 1.31072 1e-08 5.57056
32.8 3.11296 1e-08 6.06208
32.85 1.14688 1e-08 6.06208
32.9 3.44064 1e-08 6.71744
32.95 0.8192 1e-08 6.38976
33 3.76832 1e-08 6.38976
33.05 0.8192 1e-08 6.22592
33.1 3.11296 1e-08 7.04512
33.15 1.6384 1e-08 6.71744
33.2 2.94912 1e-08 6.71744
33.25 1.96608 1e-08 7.20896
33.3 2.4576 1e-08 6.88128
33.35 2.62144 1e-08 7.53664
33.4 2.29376 1e-08 6.88128
33.45 2.94912 1e-08 7.86432
33.5 2.12992 1e-08 6.71744
33.55 3.2768 1e-08 7.53664
33.6 2.12992 1e-08 7.70048
33.65 2.94912 1e-08 7.3728
33.7 2.4576 1e-08 7.3728
33.75 2.94912 1e-08 7.20896
33.8 2.29376 1e-08 7.86432
33.85 3.11296 1e-08 7.3728
33.9 2.4576 1e-08 7.3728
33.95 2.62144 1e-08 7.3728
34 3.11296 1e-08 7.86432
34.05 2.4576 1e-08 7.20896
34.1 2.94912 1e-08 7.53664
34.15 2.62144 1e-08 7.53664
34.2 2.94912 1e-08 7.04512
34.25 2.4576 1e-08 7.53664
34.3 2.94912 1e-08 7.3728
34.35 2.94912 1e-08 7.3728
34.4 2.62144 1e-08 7.3728
34.45 3.11296 1e-08 7.20896
34.5 2.62144 1e-08 7.3728
34.55 2.94912 1e-08 7.3728
34.6 2.94912 1e-08 7.20896
34.65 2.62144 1e-08 7.3728
34.7 3.11296 1e-08 7.20896
34.75 2.62144 1e-08 7.3728
34.8 3.11296 1e-08 7.20896
34.85 2.94912 1e-08 7.3728
34.9 2.62144 1e-08 7.20896
34.95 3.2768 1e-08 7.20896
35 2.62144 1e-08 7.04512
35.05 2.78528 1e-08 7.20896
35.1 3.11296 1e-08 7.04512
35.15 2.62144 1e-08 7.20896
35.2 3.44064 1e-08 6.88128
35.25 2.78528 1e-08 7.53664
35.3 2.78528 1e-08 7.04512
35.35 3.2768 1e-08 7.20896
35.4 2.62144 1e-08 7.20896
35.45 2.94912 1e-08 6.88128
35.5 3.2768 1e-08 7.3728
35.55 2.62144 1e-08 7.20896
35.6 3.11296 1e-08 6.88128
35.65 3.11296 1e-08 7.3728
35.7 2.94912 1e-08 7.20896
35.75 3.2768 1e-08 6.88128
35.8 2.94912 1e-08 7.3728
35.85 2.94912 1e-08 7.20896
35.9 3.2768 1e-08 7.04512
35.95 2.94912 1e-08 7.04512
36 2.94912 1e-08 7.04512
36.05 3.2768 1e-08 7.04512
36.1 2.78528 1e-08 7.04512
36.15 3.11296 1e-08 7.20896
36.2 3.2768 1e-08 6.88128
36.25 2.78528 1e-08 7.20896
36.3 3.11296 1e-08 6.88128
36.35 3.44064 1e-08 7.20896
36.4 2.78528 1e-08 7.04512
36.45 2.94912 1e-08 6.88128
36.5 3.44064 1e-08 7.04512
36.55 2.94912 1e-08 7.20896
36.6 2.94912 1e-08 6.71744
36.65 3.60448 1e-08 7.20896
36.7 2.78528 1e-08 7.04512
36.75 3.11296 1e-08 6.71744
36.8 3.2768 1e-08 7.04512
36.85 3.11296 1e-08 7.04512
36.9 2.94912 1e-08 7.04512
36.95 3.2768 1e-08 6.71744
37 3.11296 1e-08 7.3728
37.05 3.11296 1e-08 6.88128
37.1 3.44064 1e-08 6.5536
37.15 2.78528 1e-08 7.20896
37.2 3.2768 1e-08 6.88128
37.25 3.60448 1e-08 7.04512
37.3 2.78528 1e-08 6.71744
37.35 3.11296 1e-08 7.20896
37.4 3.11296 1e-08 6.71744
37.45 3.44064 1e-08 7.04512
37.5 2.94912 1e-08 7.04512
37.55 3.2768 1e-08 6.5536
37.6 3.2768 1e-08 7.20896
37.65 3.2768 1e-08 6.88128
37.7 3.2768 1e-08 6.71744
37.75 3.2768 1e-08 6.88128
37.8 3.11296 1e-08 6.88128
37.85 3.11296 1e-08 7.04512
37.9 3.60448 1e-08 6.71744
37.95 3.11296 1e-08 6.88128
38 2.94912 1e-08 7.04512
38.05 3.2768 1e-08 6.38976
38.1 3.44064 1e-08 7.20896
38.15 3.2768 1e-08 6.88128
38.2 3.2768 1e-08 6.71744
38.25 3.44064 1e-08 7.04512
38.3 2.94912 1e-08 6.71744
38.35 3.2768 1e-08 6.88128
38.4 3.11296 1e-08 6.71744
38.45 3.44064 1e-08 7.04512
38.5 3.2768 1e-08 7.04512
38.55 3.2768 1e-08 6.71744
38.6 3.44064 1e-08 6.88128
38.65 3.11296 1e-08 6.71744
38.7 3.11296 1e-08 6.5536
38.75 3.2768 1e-08 6.88128
38.8 3.44064 1e-08 6.88128
38.85 3.44064 1e-08 6.88128
38.9 3.2768 1e-08 6.88128
38.95 3.60448 1e-08 6.5536
39 2.94912 1e-08 6.88128
39.05 3.2768 1e-08 7.04512
39.1 3.2768 1e-08 6.38976
39.15 3.60448 1e-08 6.88128
39.2 2.94912 1e-08 6.88128
39.25 3.2768 1e-08 6.5536
39.3 3.76832 1e-08 6.88128
39.35 3.2768 1e-08 6.88128
39.4 3.2768 1e-08 6.71744
39.45 3.2768 1e-08 6.88128
39.5 3.60448 1e-08 6.5536
39.55 3.11296 1e-08 6.88128
39.6 3.11296 1e-08 6.88128
39.65 3.44064 1e-08 6.38976
39.7 3.60448 1e-08 6.71744
39.75 3.11296 1e-08 6.88128
39.8 3.2768 1e-08 6.71744
39.85 3.60448 1e-08 6.5536
39.9 3.2768 1e-08 7.04512
39.95 3.2768 1e-08 6.71744
40 3.60448 1e-08 6.5536
40.05 3.11296 1e-08 6.88128
40.1 2.12992 1e-08 6.71744
40.15 2.12992 1e-08 6.22592
40.2 1.47456 1e-08 0.8192
40.25 3.11296 1e-08 2.12992
40.3 0.16384 1e-08 0.8192
40.35 0.32768 1e-08 0.32768
40.4 0 1e-08 0
40.45 0 1e-08 0
40.5 0 1e-08 0
40.55 0 1e-08 0
40.6 0 1e-08 0.16384
40.65 0 1e-08 0.32768
40.7 0 1e-08 0.65536
40.75 0 1e-08 0
40.8 0 1e-08 1.31072
40.85 0 1e-08 2.62144
40.9 0 1e-08 3.76832
40.95 0.16384 1e-08 0.98304
41 0 1e-08 2.94912
41.05 0.32768 1e-08 4.096
41.1 0 1e-08 4.25984
41.15 0.65536 1e-08 3.60448
41.2 0 1e-08 1.80224
41.25 1.31072 1e-08 3.60448
41.3 0 1e-08 4.75136
41.35 1.96608 1e-08 4.9152
41.4 0.65536 1e-08 2.29376
41.45 1.14688 1e-08 3.44064
41.5 1.6384 1e-08 4.58752
41.55 0 1e-08 5.40672
41.6 2.94912 1e-08 4.42368
41.65 0 1e-08 3.11296
41.7 3.11296 1e-08 4.42368
41.75 0 1e-08 5.24288
41.8 3.2768 1e-08 6.06208
41.85 0 1e-08 3.76832
41.9 3.44064 1e-08 4.58752
41.95 0 1e-08 4.9152
42 2.94912 1e-08 5.89824
42.05 0.65536 1e-08 5.40672
42.1 2.78528 1e-08 5.40672
42.15 0.98304 1e-08 4.75136
42.2 2.4576 1e-08 5.89824
42.25 1.47456 1e-08 6.06208
42.3 2.12992 1e-08 5.40672
42.35 1.96608 1e-08 5.57056
42.4 1.47456 1e-08 6.06208
42.45 2.78528 1e-08 6.06208
42.5 0.98304 1e-08 6.06208
42.55 3.44064 1e-08 6.71744
42.6 0.49152 1e-08 5.57056
42.65 4.096 1e-08 6.71744
42.7 0.32768 1e-08 6.38976
42.75 3.60448 1e-08 7.04512
42.8 0.8192 1e-08 5.89824
42.85 3.44064 1e-08 6.88128
42.9 1.47456 1e-08 7.20896
42.95 3.2768 1e-08 6.71744
43 1.80224 1e-08 7.3728
43.05 2.78528 1e-08 6.88128
43.1 2.4576 1e-08 7.20896
43.15 2.62144 1e-08 7.20896
43.2 2.78528 1e-08 7.86432
43.25 2.4576 1e-08 6.71744
43.3 2.62144 1e-08 8.02816
43.35 2.4576 1e-08 6.88128
43.4 2.62144 1e-08 7.70048
43.45 2.29376 1e-08 7.3728
43.5 2.94912 1e-08 7.70048
43.55 2.4576 1e-08 7.53664
43.6 3.2768 1e-08 7.70048
43.65 2.29376 1e-08 7.3728
43.7 3.11296 1e-08 7.20896
43.75 2.4576 1e-08 7.70048
43.8 2.94912 1e-08 7.20896
43.85 2.4576 1e-08 7.53664
43.9 2.78528 1e-08 7.3728
43.95 3.11296 1e-08 7.53664
44 2.4576 1e-08 7.3728
44.05 2.94912 1e-08 7.04512
44.1 2.62144 1e-08 7.70048
44.15 3.2768 1e-08 7.20896
44.2 2.62144 1e-08 7.3728
44.25 2.62144 1e-08 7.20896
44.3 3.11296 1e-08 7.3728
44.35 2.62144 1e-08 7.3728
44.4 3.2768 1e-08 7.20896
44.45 2.62144 1e-08 7.3728
44.5 2.62144 1e-08 7.20896
44.55 3.11296 1e-08 7.20896
44.6 2.78528 1e-08 7.3728
44.65 3.11296 1e-08 7.20896
44.7 2.94912 1e-08 7.3728
44.75 2.78528 1e-08 7.20896
44.8 3.11296 1e-08 7.04512
44.85 2.62144 1e-08 7.3728
44.9 2.78528 1e-08 6.71744
44.95 3.11296 1e-08 7.53664
45 2.78528 1e-08 7.3728
45.05 3.2768 1e-08 6.88128
45.1 3.11296 1e-08 7.20896
45.15 2.62144 1e-08 7.20896
45.2 3.2768 1e-08 7.04512
45.25 2.78528 1e-08 7.3728
45.3 2.78528 1e-08 7.20896
45.35 3.2768 1e-08 6.88128
45.4 2.78528 1e-08 7.3728
45.45 2.78528 1e-08 6.71744
45.5 3.44064 1e-08 7.3728
45.55 2.62144 1e-08 6.88128
45.6 3.11296 1e-08 7.04512
45.65 3.11296 1e-08 7.04512
45.7 2.78528 1e-08 7.3728
45.75 3.11296 1e-08 6.71744
45.8 3.2768 1e-08 7.3728
45.85 2.78528 1e-08 7.04512
45.9 3.11296 1e-08 7.04512
45.95 3.2768 1e-08 7.04512
46 2.94912 1e-08 6.88128
46.05 3.2768 1e-08 7.20896
46.1 2.94912 1e-08 6.88128
46.15 2.94912 1e-08 7.20896
46.2 3.44064 1e-08 6.88128
46.25 2.94912 1e-08 7.20896
46.3 2.94912 1e-08 6.88128
46.35 3.2768 1e-08 7.20896
46.4 3.11296 1e-08 6.88128
46.45 2.94912 1e-08 7.20896
46.5 3.11296 1e-08 6.88128
46.55 3.2768 1e-08 7.04512
46.6 3.11296 1e-08 7.04512
46.65 3.11296 1e-08 6.88128
46.7 3.44064 1e-08 7.20896
46.75 2.78528 1e-08 6.88128
46.8 3.2768 1e-08 6.88128
46.85 3.2768 1e-08 7.04512
46.9 3.11296 1e-08 7.04512
46.95 3.11296 1e-08 6.88128
47 3.2768 1e-08 6.71744
47.05 2.94912 1e-08 7.20896
47.1 3.2768 1e-08 6.71744
47.15 3.44064 1e-08 7.04512
47.2 2.94912 1e-08 6.88128
47.25 3.11296 1e-08 6.88128
47.3 3.60448 1e-08 6.88128
47.35 2.94912 1e-08 7.04512
47.4 3.11296 1e-08 6.88128
47.45 3.11296 1e-08 6.5536
47.5 3.44064 1e-08 7.04512
47.55 3.2768 1e-08 7.20896
47.6 3.11296 1e-08 6.71744
47.65 3.44064 1e-08 6.88128
47.7 2.94912 1e-08 6.88128
47.75 3.11296 1e-08 6.71744
47.8 3.76832 1e-08 6.88128
47.85 2.94912 1e-08 7.04512
47.9 3.11296 1e-08 7.04512
47.95 3.11296 1e-08 6.38976
48 3.60448 1e-08 7.04512
48.05 2.94912 1e-08 7.04512
48.1 3.44064 1e-08 6.88128
48.15 3.60448 1e-08 6.88128
48.2 2.94912 1e-08 6.88128
48.25 3.11296 1e-08 6.5536
48.3 3.2768 1e-08 6.71744
48.35 3.44064 1e-08 6.88128
48.4 3.11296 1e-08 6.88128
48.45 3.44064 1e-08 6.88128
48.5 3.60448 1e-08 6.71744
48.55 3.11296 1e-08 7.20896
48.6 3.11296 1e-08 6.71744
48.65 3.2768 1e-08 6.5536
48.7 3.44064 1e-08 6.71744
48.75 2.94912 1e-08 6.88128
48.8 3.44064 1e-08 6.71744
48.85 3.60448 1e-08 6.71744
48.9 3.2768 1e-08 7.04512
48.95 3.44064 1e-08 6.71744
49 3.11296 1e-08 6.88128
49.05 3.60448 1e-08 6.71744
49.1 3.11296 1e-08 6.71744
49.15 3.11296 1e-08 7.04512
49.2 3.2768 1e-08 6.38976
49.25 3.60448 1e-08 6.88128
49.3 3.11296 1e-08 6.71744
49.35 3.2768 1e-08 6.5536
49.4 3.60448 1e-08 6.71744
49.45 3.2768 1e-08 7.04512
49.5 3.2768 1e-08 6.71744
49.55 3.44064 1e-08 6.88128
49.6 3.76832 1e-08 6.5536
49.65 3.11296 1e-08 6.88128
49.7 3.2768 1e-08 6.88128
49.75 3.2768 1e-08 6.71744
49.8 3.76832 1e-08 6.5536
49.85 3.11296 1e-08 6.88128
49.9 3.2768 1e-08 6.71744
49.95 3.2768 1e-08 6.38976
50 3.76832 1e-08 7.04512
50.05 2.94912 1e-08 6.71744
50.1 1.96608 1e-08 6.38976
50.15 2.78528 1e-08 6.71744
50.2 1.14688 1e-08 1.31072
50.25 3.60448 1e-08 1.6384
50.3 0.32768 1e-08 0.16384
50.35 0 1e-08 0.32768
50.4 2.94912 1e-08 0
50.45 0 1e-08 0
50.5 0 1e-08 0
50.55 0 1e-08 0
50.6 0 1e-08 0.16384
50.65 0 1e-08 0.32768
50.7 0 1e-08 0
50.75 0 1e-08 0.65536
50.8 0 1e-08 1.31072
50.85 0 1e-08 2.62144
50.9 0 1e-08 1.31072
50.95 0 1e-08 3.11296
51 0 1e-08 4.58752
51.05 0 1e-08 4.75136
51.1 0.16384 1e-08 3.2768
51.15 0 1e-08 2.4576
51.2 0.32768 1e-08 4.25984
51.25 0 1e-08 5.24288
51.3 0 1e-08 5.40672
51.35 0.65536 1e-08 3.11296
51.4 0 1e-08 3.44064
51.45 1.31072 1e-08 4.75136
51.5 0 1e-08 5.89824
51.55 2.62144 1e-08 5.89824
51.6 0 1e-08 2.78528
51.65 3.11296 1e-08 4.75136
51.7 0 1e-08 5.24288
51.75 3.2768 1e-08 6.38976
51.8 0 1e-08 4.096
51.85 3.2768 1e-08 5.07904
51.9 0.16384 1e-08 5.40672
51.95 2.4576 1e-08 6.22592
52 1.14688 1e-08 5.40672
52.05 2.12992 1e-08 5.40672
52.1 1.6384 1e-08 5.89824
52.15 1.6384 1e-08 5.7344
52.2 2.29376 1e-08 6.5536
52.25 0.8192 1e-08 5.57056
52.3 3.2768 1e-08 6.38976
52.35 0.49152 1e-08 6.22592
52.4 3.76832 1e-08 6.88128
52.45 0.16384 1e-08 6.06208
52.5 4.096 1e-08 6.5536
52.55 0.16384 1e-08 6.5536
52.6 3.44064 1e-08 6.71744
52.65 1.14688 1e-08 6.88128
52.7 2.94912 1e-08 6.22592
52.75 1.80224 1e-08 7.53664
52.8 2.62144 1e-08 6.71744
52.85 2.29376 1e-08 7.86432
52.9 2.4576 1e-08 6.88128
52.95 2.62144 1e-08 7.53664
53 2.29376 1e-08 7.20896
53.05 2.62144 1e-08 7.86432
53.1 1.96608 1e-08 7.20896
53.15 2.94912 1e-08 7.70048
53.2 1.96608 1e-08 7.3728
53.25 2.94912 1e-08 7.86432
53.3 2.29376 1e-08 7.86432
53.35 2.94912 1e-08 7.3728
53.4 2.4576 1e-08 7.86432
53.45 2.94912 1e-08 7.3728
53.5 2.29376 1e-08 7.53664
53.55 2.78528 1e-08 7.3728
53.6 2.4576 1e-08 7.86432
53.65 2.4576 1e-08 7.04512
53.7 2.94912 1e-08 8.02816
53.75 2.62144 1e-08 7.53664
53.8 2.94912 1e-08 7.20896
53.85 2.29376 1e-08 7.53664
53.9 3.11296 1e-08 7.3728
53.95 2.62144 1e-08 7.70048
54 2.4576 1e-08 7.20896
54.05 2.94912 1e-08 7.53664
54.1 2.62144 1e-08 7.3728
54.15 3.11296 1e-08 7.3728
54.2 2.4576 1e-08 7.53664
54.25 2.62144 1e-08 7.20896
54.3 3.11296 1e-08 7.3728
54.35 2.4576 1e-08 7.3728
54.4 3.44064 1e-08 7.3728
54.45 2.4576 1e-08 7.53664
54.5 2.62144 1e-08 7.3728
54.55 3.11296 1e-08 7.04512
54.6 2.4576 1e-08 7.20896
54.65 2.78528 1e-08 7.04512
54.7 3.11296 1e-08 7.70048
54.75 2.94912 1e-08 7.3728
54.8 3.2768 1e-08 7.20896
54.85 2.4576 1e-08 7.53664
54.9 2.78528 1e-08 7.20896
54.95 3.11296 1e-08 7.20896
55 2.62144 1e-08 7.20896
55.05 2.78528 1e-08 7.04512
55.1 3.11296 1e-08 6.88128
55.15 2.4576 1e-08 7.20896
55.2 2.78528 1e-08 6.88128
55.25 3.2768 1e-08 7.53664
55.3 2.62144 1e-08 7.20896
55.35 3.44064 1e-08 7.04512
55.4 2.78528 1e-08 7.3728
55.45 2.78528 1e-08 7.20896
55.5 3.2768 1e-08 6.88128
55.55 2.62144 1e-08 7.53664
55.6 3.11296 1e-08 7.04512
55.65 3.2768 1e-08 7.04512
55.7 2.78528 1e-08 7.3728
55.75 2.94912 1e-08 7.20896
55.8 3.11296 1e-08 6.88128
55.85 2.94912 1e-08 7.3728
55.9 2.94912 1e-08 7.04512
55.95 3.11296 1e-08 7.04512
56 2.94912 1e-08 7.20896
56.05 2.94912 1e-08 6.88128
56.1 3.2768 1e-08 7.04512
56.15 2.94912 1e-08 7.20896
56.2 2.94912 1e-08 7.04512
56.25 3.11296 1e-08 6.88128
56.3 2.94912 1e-08 7.3728
56.35 3.11296 1e-08 7.04512
56.4 3.11296 1e-08 6.88128
56.45 2.78528 1e-08 7.20896
56.5 3.2768 1e-08 6.88128
56.55 3.2768 1e-08 7.20896
56.6 2.78528 1e-08 7.04512
56.65 2.94912 1e-08 7.04512
56.7 3.60448 1e-08 6.88128
56.75 2.78528 1e-08 7.3728
56.8 2.94912 1e-08 6.71744
56.85 3.11296 1e-08 6.88128
56.9 3.44064 1e-08 7.3728
56.95 2.94912 1e-08 6.88128
57 2.94912 1e-08 6.88128
57.05 3.2768 1e-08 7.04512
57.1 3.2768 1e-08 7.20896
57.15 2.94912 1e-08 6.88128
57.2 3.44064 1e-08 6.5536
57.25 2.78528 1e-08 7.20896
57.3 3.11296 1e-08 7.04512
57.35 3.76832 1e-08 6.88128
57.4 2.78528 1e-08 7.04512
57.45 2.94912 1e-08 6.88128
57.5 3.11296 1e-08 6.71744
57.55 3.44064 1e-08 7.04512
57.6 3.2768 1e-08 7.3728
57.65 2.94912 1e-08 6.71744
57.7 3.44064 1e-08 6.71744
57.75 2.94912 1e-08 6.88128
57.8 2.94912 1e-08 6.88128
57.85 3.2768 1e-08 6.71744
57.9 3.60448 1e-08 7.3728
57.95 2.94912 1e-08 6.88128
58 3.2768 1e-08 7.04512
58.05 3.44064 1e-08 6.71744
58.1 2.78528 1e-08 6.71744
58.15 3.11296 1e-08 7.04512
58.2 3.2768 1e-08 6.71744
58.25 3.60448 1e-08 7.20896
58.3 3.11296 1e-08 7.04512
58.35 3.11296 1e-08 6.71744
58.4 3.60448 1e-08 6.88128
58.45 2.78528 1e-08 6.71744
58.5 3.11296 1e-08 6.5536
58.55 3.2768 1e-08 6.88128
58.6 3.44064 1e-08 7.04512
58.65 3.2768 1e-08 7.04512
58.7 3.2768 1e-08 6.88128
58.75 3.60448 1e-08 6.71744
58.8 3.11296 1e-08 6.88128
58.85 2.94912 1e-08 7.04512
58.9 3.2768 1e-08 6.5536
58.95 3.44064 1e-08 6.88128
59 3.11296 1e-08 6.71744
59.05 3.11296 1e-08 6.71744
59.1 3.2768 1e-08 6.71744
59.15 3.44064 1e-08 7.04512
59.2 3.2768 1e-08 6.71744
59.25 3.44064 1e-08 7.04512
59.3 3.44064 1e-08 6.5536
59.35 3.2768 1e-08 7.04512
59.4 3.11296 1e-08 7.04512
59.45 3.44064 1e-08 6.71744
59.5 3.60448 1e-08 6.5536
59.55 2.94912 1e-08 7.04512
59.6 3.2768 1e-08 6.71744
59.65 3.2768 1e-08 6.38976
59.7 3.44064 1e-08 7.20896
59.75 3.11296 1e-08 6.71744
59.8 3.2768 1e-08 6.5536
59.85 3.2768 1e-08 6.71744
59.9 3.60448 1e-08 6.88128
59.95 3.11296 1e-08 6.71744
60 3.11296 1e-08 6.71744
60.05 3.44064 1e-08 6.71744
60.1 2.4576 1e-08 6.71744
60.15 0.8192 1e-08 6.71744
60.2 2.12992 1e-08 1.31072
60.25 4.096 1e-08 0.8192
60.3 0.32768 1e-08 0
60.35 0.16384 1e-08 0.16384
60.4 1.96608 1e-08 0
60.45 0 1e-08 0
60.5 0 1e-08 0
60.55 0 1e-08 0
60.6 0 1e-08 0.16384
60.65 0 1e-08 0.32768
60.7 0 1e-08 0
60.75 0 1e-08 0.65536
60.8 0 1e-08 1.31072
60.85 0 1e-08 2.62144
60.9 0 1e-08 4.42368
60.95 0 1e-08 0.32768
61 0 1e-08 4.9152
61.05 0 1e-08 5.07904
61.1 0.16384 1e-08 5.07904
61.15 0 1e-08 2.62144
61.2 0.32768 1e-08 2.94912
61.25 0 1e-08 5.57056
61.3 0.65536 1e-08 5.7344
61.35 0 1e-08 4.75136
61.4 1.31072 1e-08 3.2768
61.45 0 1e-08 3.93216
61.5 0 1e-08 6.22592
61.55 2.62144 1e-08 6.38976
61.6 0 1e-08 3.44064
61.65 2.78528 1e-08 5.24288
61.7 0 1e-08 4.58752
61.75 2.94912 1e-08 6.88128
61.8 0 1e-08 4.58752
61.85 3.11296 1e-08 5.89824
61.9 0 1e-08 5.57056
61.95 2.94912 1e-08 5.7344
62 0.32768 1e-08 6.06208
62.05 2.12992 1e-08 5.89824
62.1 1.31072 1e-08 5.89824
62.15 1.47456 1e-08 6.06208
62.2 2.12992 1e-08 7.04512
62.25 1.14688 1e-08 5.89824
62.3 2.62144 1e-08 6.71744
62.35 0.8192 1e-08 6.38976
62.4 3.11296 1e-08 7.04512
62.45 0.65536 1e-08 6.5536
62.5 3.44064 1e-08 6.88128
62.55 0.32768 1e-08 6.88128
62.6 3.2768 1e-08 7.20896
62.65 0.8192 1e-08 6.88128
62.7 2.62144 1e-08 7.04512
62.75 1.6384 1e-08 7.3728
62.8 2.29376 1e-08 7.04512
62.85 2.29376 1e-08 8.02816
62.9 1.96608 1e-08 7.3728
62.95 2.78528 1e-08 7.70048
63 1.80224 1e-08 7.53664
63.05 2.94912 1e-08 3.44064
63.1 1.80224 1e-08 1e-08
63.15 3.11296 1e-08 1e-08
63.2 1.80224 1e-08 1e-08
63.25 3.11296 1e-08 1e-08
63.3 1.80224 1e-08 1e-08
63.35 3.2768 1e-08 1e-08
63.4 1.96608 1e-08 1e-08
63.45 2.4576 1e-08 1e-08
63.5 2.94912 1e-08 1e-08
63.55 2.29376 1e-08 1e-08
63.6 3.2768 1e-08 1e-08
63.65 2.12992 1e-08 1e-08
63.7 3.60448 1e-08 1e-08
63.75 2.12992 1e-08 1e-08
63.8 3.76832 1e-08 1e-08
63.85 2.12992 1e-08 1e-08
63.9 3.76832 1e-08 1e-08
63.95 2.4576 1e-08 1e-08
64 3.93216 1e-08 1e-08
64.05 2.29376 1e-08 1e-08
64.1 4.25984 1e-08 1e-08
64.15 2.12992 1e-08 1e-08
64.2 4.58752 1e-08 1e-08
64.25 1.96608 1e-08 1e-08
64.3 4.75136 1e-08 1e-08
64.35 1.96608 1e-08 1e-08
64.4 4.42368 1e-08 1e-08
64.45 2.29376 1e-08 1e-08
64.5 3.93216 1e-08 1e-08
64.55 3.11296 1e-08 1e-08
64.6 3.11296 1e-08 1e-08
64.65 4.096 1e-08 1e-08
64.7 2.62144 1e-08 1e-08
64.75 4.75136 1e-08 1e-08
64.8 2.12992 1e-08 1e-08
64.85 5.24288 1e-08 1e-08
64.9 2.29376 1e-08 1e-08
64.95 5.40672 1e-08 1e-08
65 2.12992 1e-08 1e-08
65.05 5.7344 1e-08 1e-08
65.1 2.12992 1e-08 1e-08
65.15 5.89824 1e-08 1e-08
65.2 2.29376 1e-08 1e-08
65.25 5.89824 1e-08 1e-08
65.3 2.29376 1e-08 1e-08
65.35 6.22592 1e-08 1e-08
65.4 2.12992 1e-08 1e-08
65.45 5.7344 1e-08 1e-08
65.5 2.78528 1e-08 1e-08
65.55 5.07904 1e-08 1e-08
65.6 3.60448 1e-08 1e-08
65.65 4.42368 1e-08 1e-08
65.7 4.42368 1e-08 1e-08
65.75 3.60448 1e-08 1e-08
65.8 5.24288 1e-08 1e-08
65.85 3.11296 1e-08 1e-08
65.9 6.06208 1e-08 1e-08
65.95 2.62144 1e-08 1e-08
66 6.71744 1e-08 1e-08
66.05 2.29376 1e-08 1e-08
66.1 7.20896 1e-08 1e-08
66.15 2.12992 1e-08 1e-08
66.2 7.53664 1e-08 1e-08
66.25 2.12992 1e-08 1e-08
66.3 7.70048 1e-08 1e-08
66.35 2.12992 1e-08 1e-08
66.4 7.70048 1e-08 1e-08
66.45 2.29376 1e-08 1e-08
66.5 7.3728 1e-08 1e-08
66.55 2.78528 1e-08 1e-08
66.6 6.71744 1e-08 1e-08
66.65 3.60448 1e-08 1e-08
66.7 6.06208 1e-08 1e-08
66.75 4.42368 1e-08 1e-08
66.8 5.40672 1e-08 1e-08
66.85 5.24288 1e-08 1e-08
66.9 4.75136 1e-08 1e-08
66.95 6.06208 1e-08 1e-08
67 3.93216 1e-08 1e-08
67.05 7.04512 1e-08 1e-08
67.1 3.2768 1e-08 1e-08
67.15 7.70048 1e-08 1e-08
67.2 2.78528 1e-08 1e-08
67.25 8.51968 1e-08 1e-08
67.3 2.29376 1e-08 1e-08
67.35 9.17504 1e-08 1e-08
67.4 2.29376 1e-08 1e-08
67.45 9.33888 1e-08 1e-08
67.5 2.12992 1e-08 1e-08
67.55 8.84736 1e-08 1e-08
67.6 2.94912 1e-08 1e-08
67.65 8.192 1e-08 1e-08
67.7 3.76832 1e-08 1e-08
67.75 7.53664 1e-08 1e-08
67.8 4.75136 1e-08 1e-08
67.85 6.71744 1e-08 1e-08
67.9 5.57056 1e-08 1e-08
67.95 6.06208 1e-08 1e-08
68 6.38976 1e-08 1e-08
68.05 5.40672 1e-08 1e-08
68.1 7.20896 1e-08 1e-08
68.15 4.58752 1e-08 1e-08
68.2 8.192 1e-08 1e-08
68.25 4.096 1e-08 1e-08
68.3 8.68352 1e-08 1e-08
68.35 3.60448 1e-08 1e-08
68.4 9.50272 1e-08 1e-08
68.45 2.94912 1e-08 1e-08
68.5 10.1581 1e-08 1e-08
68.55 2.4576 1e-08 1e-08
68.6 10.1581 1e-08 1e-08
68.65 3.11296 1e-08 1e-08
68.7 9.66656 1e-08 1e-08
68.75 3.93216 1e-08 1e-08
68.8 9.0112 1e-08 1e-08
68.85 4.58752 1e-08 1e-08
68.9 8.51968 1e-08 1e-08
68.95 5.40672 1e-08 1e-08
69 7.86432 1e-08 1e-08
69.05 6.38976 1e-08 1e-08
69.1 7.04512 1e-08 1e-08
69.15 7.20896 1e-08 1e-08
69.2 6.38976 1e-08 1e-08
69.25 8.02816 1e-08 1e-08
69.3 5.57056 1e-08 1e-08
69.35 9.0112 1e-08 1e-08
69.4 4.9152 1e-08 1e-08
69.45 9.8304 1e-08 1e-08
69.5 4.25984 1e-08 1e-08
69.55 10.1581 1e-08 1e-08
69.6 4.096 1e-08 1e-08
69.65 10.1581 1e-08 1e-08
69.7 4.25984 1e-08 1e-08
69.75 10.1581 1e-08 1e-08
69.8 4.42368 1e-08 1e-08
69.85 10.1581 1e-08 1e-08
69.9 5.07904 1e-08 1e-08
69.95 9.66656 1e-08 1e-08
70 5.7344 1e-08 1e-08
70.05 9.17504 1e-08 1e-08
70.1 6.5536 1e-08 1e-08
70.15 8.02816 1e-08 1e-08
70.2 7.86432 1e-08 1e-08
70.25 7.3728 1e-08 1e-08
70.3 8.68352 1e-08 1e-08
70.35 6.5536 1e-08 1e-08
70.4 9.66656 1e-08 1e-08
70.45 5.89824 1e-08 1e-08
70.5 10.1581 1e-08 1e-08
70.55 5.7344 1e-08 1e-08
70.6 9.99424 1e-08 1e-08
70.65 5.89824 1e-08 1e-08
70.7 10.1581 1e-08 1e-08
70.75 6.06208 1e-08 1e-08
70.8 9.99424 1e-08 1e-08
70.85 6.22592 1e-08 1e-08
70.9 9.99424 1e-08 1e-08
70.95 6.5536 1e-08 1e-08
71 9.8304 1e-08 1e-08
71.05 6.88128 1e-08 1e-08
71.1 9.66656 1e-08 1e-08
71.15 7.20896 1e-08 1e-08
71.2 9.50272 1e-08 1e-08
71.25 7.86432 1e-08 1e-08
71.3 9.0112 1e-08 1e-08
71.35 8.68352 1e-08 1e-08
71.4 8.35584 1e-08 1e-08
71.45 9.50272 1e-08 1e-08
71.5 7.70048 1e-08 1e-08
71.55 9.99424 1e-08 1e-08
71.6 7.20896 1e-08 1e-08
71.65 10.1581 1e-08 1e-08
71.7 7.3728 1e-08 1e-08
71.75 10.1581 1e-08 1e-08
71.8 7.70048 1e-08 1e-08
71.85 9.99424 1e-08 1e-08
71.9 7.86432 1e-08 1e-08
71.95 9.99424 1e-08 1e-08
72 8.192 1e-08 1e-08
72.05 9.8304 1e-08 1e-08
72.1 8.35584 1e-08 1e-08
72.15 9.8304 1e-08 1e-08
72.2 8.51968 1e-08 1e-08
72.25 9.8304 1e-08 1e-08
72.3 8.84736 1e-08 1e-08
72.35 9.66656 1e-08 1e-08
72.4 9.0112 1e-08 1e-08
72.45 9.66656 1e-08 1e-08
72.5 9.8304 1e-08 1e-08
72.55 9.0112 1e-08 1e-08
72.6 9.99424 1e-08 1e-08
72.65 9.0112 1e-08 1e-08
72.7 9.99424 1e-08 1e-08
72.75 9.0112 1e-08 1e-08
72.8 10.1581 1e-08 1e-08
72.85 9.17504 1e-08 1e-08
72.9 10.1581 1e-08 1e-08
72.95 9.33888 1e-08 1e-08
73 10.3219 1e-08 1e-08
73.05 9.50272 1e-08 1e-08
73.1 10.1581 1e-08 1e-08
73.15 9.66656 1e-08 1e-08
73.2 10.1581 1e-08 1e-08
73.25 9.99424 1e-08 1e-08
73.3 9.99424 1e-08 1e-08
73.35 9.99424 1e-08 1e-08
73.4 10.1581 1e-08 1e-08
73.45 9.99424 1e-08 1e-08
73.5 10.1581 1e-08 1e-08
73.55 9.99424 1e-08 1e-08
73.6 10.1581 1e-08 1e-08
73.65 9.99424 1e-08 1e-08
73.7 10.1581 1e-08 1e-08
73.75 9.99424 1e-08 1e-08
73.8 9.99424 1e-08 1e-08
73.85 10.1581 1e-08 1e-08
73.9 9.99424 1e-08 1e-08
73.95 10.1581 1e-08 1e-08
74 9.99424 1e-08 1e-08
74.05 10.1581 1e-08 1e-08
74.1 9.99424 1e-08 1e-08
74.15 10.1581 1e-08 1e-08
74.2 9.99424 1e-08 1e-08
74.25 10.1581 1e-08 1e-08
74.3 9.99424 1e-08 1e-08
74.35 9.99424 1e-08 1e-08
74.4 10.1581 1e-08 1e-08
74.45 9.99424 1e-08 1e-08
74.5 10.1581 1e-08 1e-08
74.55 9.99424 1e-08 1e-08
74.6 10.3219 1e-08 1e-08
74.65 9.99424 1e-08 1e-08
74.7 10.1581 1e-08 1e-08
74.75 9.99424 1e-08 1e-08
74.8 9.99424 1e-08 1e-08
74.85 5.07904 1e-08 1e-08
74.9 0 1e-08 1e-08
46.5 2.12992 1e-08 8.192
46.55 2.12992 1e-08 8.192
46.6 2.29376 1e-08 7.70048
46.65 2.78528 1e-08 7.70048
46.7 1.6384 1e-08 8.02816
46.75 2.12992 1e-08 7.53664
46.8 2.29376 1e-08 7.70048
46.85 2.62144 1e-08 7.86432
46.9 1.96608 1e-08 7.86432
46.95 2.29376 1e-08 7.86432
47 2.78528 1e-08 7.3728
47.05 2.12992 1e-08 8.192
47.1 2.29376 1e-08 8.02816
47.15 2.29376 1e-08 7.53664
47.2 2.78528 1e-08 7.53664
47.25 1.96608 1e-08 8.192
47.3 2.12992 1e-08 7.70048
47.35 2.29376 1e-08 7.53664
47.4 2.78528 1e-08 7.86432
47.45 1.96608 1e-08 7.70048
47.5 2.29376 1e-08 7.53664
47.55 2.29376 1e-08 7.70048
47.6 2.78528 1e-08 7.86432
47.65 1.96608 1e-08 7.70048
47.7 2.29376 1e-08 7.70048
47.75 2.78528 1e-08 7.53664
47.8 2.29376 1e-08 7.86432
47.85 2.29376 1e-08 8.02816
47.9 2.29376 1e-08 7.53664
47.95 2.94912 1e-08 7.3728
48 1.96608 1e-08 8.02816
48.05 2.4576 1e-08 7.70048
48.1 2.4576 1e-08 7.53664
48.15 2.78528 1e-08 7.53664
48.2 2.12992 1e-08 7.86432
48.25 2.4576 1e-08 7.70048
48.3 2.4576 1e-08 7.70048
48.35 2.62144 1e-08 7.20896
48.4 2.29376 1e-08 8.02816
48.45 2.4576 1e-08 7.70048
48.5 2.4576 1e-08 7.53664
48.55 2.78528 1e-08 7.20896
48.6 2.12992 1e-08 8.192
48.65 2.4576 1e-08 7.53664
48.7 2.4576 1e-08 7.3728
48.75 2.78528 1e-08 7.53664
48.8 2.29376 1e-08 7.86432
48.85 2.4576 1e-08 7.53664
48.9 2.4576 1e-08 7.3728
48.95 2.78528 1e-08 7.3728
49 2.29376 1e-08 7.86432
49.05 2.4576 1e-08 7.53664
49.1 2.62144 1e-08 7.70048
49.15 2.78528 1e-08 7.20896
49.2 2.12992 1e-08 7.86432
49.25 2.4576 1e-08 7.70048
49.3 2.78528 1e-08 7.53664
49.35 2.94912 1e-08 3.44064
49.4 2.12992 1e-08 0
49.45 2.29376 1e-08 0
49.5 2.62144 1e-08 0.32768
49.55 7.86432 1e-08 0.32768
49.6 2.62144 1e-08 0.32768
49.65 7.86432 1e-08 1.31072
49.7 2.62144 1e-08 2.62144
49.75 7.53664 1e-08 4.25984
49.8 3.2768 1e-08 1.31072
49.85 4.096 1e-08 10.1581
49.9 6.38976 1e-08 7.20896
49.95 2.12992 1e-08 6.06208
50 4.58752 1e-08 6.5536
50.05 4.58752 1e-08 6.06208
50.1 2.78528 1e-08 6.06208
50.15 4.58752 1e-08 6.22592
50.2 3.93216 1e-08 6.22592
50.25 3.60448 1e-08 5.7344
50.3 4.42368 1e-08 6.71744
50.35 3.60448 1e-08 5.89824
50.4 3.93216 1e-08 5.89824
50.45 4.25984 1e-08 6.71744
50.5 3.60448 1e-08 5.89824
50.55 3.93216 1e-08 6.22592
50.6 4.096 1e-08 6.38976
50.65 3.76832 1e-08 6.06208
50.7 3.93216 1e-08 5.89824
50.75 4.25984 1e-08 6.5536
50.8 3.60448 1e-08 6.06208
50.85 3.93216 1e-08 6.06208
50.9 4.25984 1e-08 6.38976
50.95 3.76832 1e-08 6.06208
51 3.76832 1e-08 6.38976
51.05 4.25984 1e-08 6.06208
51.1 3.93216 1e-08 6.38976
51.15 3.76832 1e-08 5.89824
51.2 4.25984 1e-08 6.22592
51.25 3.76832 1e-08 6.22592
51.3 3.93216 1e-08 6.06208
51.35 4.096 1e-08 6.06208
51.4 3.76832 1e-08 6.06208
51.45 4.096 1e-08 6.38976
51.5 3.76832 1e-08 6.06208
51.55 4.096 1e-08 6.06208
51.6 3.76832 1e-08 6.38976
51.65 4.096 1e-08 5.89824
51.7 4.096 1e-08 6.38976
51.75 3.93216 1e-08 6.06208
51.8 3.93216 1e-08 5.89824
51.85 4.096 1e-08 6.38976
51.9 3.93216 1e-08 5.89824
51.95 3.76832 1e-08 6.38976
52 3.93216 1e-08 6.06208
52.05 4.25984 1e-08 6.06208
52.1 3.76832 1e-08 6.38976
52.15 3.93216 1e-08 5.89824
52.2 4.42368 1e-08 6.22592
52.25 3.60448 1e-08 6.06208
52.3 3.93216 1e-08 6.06208
52.35 4.42368 1e-08 6.06208
52.4 3.60448 1e-08 6.38976
52.45 3.93216 1e-08 6.38976
52.5 4.096 1e-08 5.7344
52.55 4.25984 1e-08 6.06208
52.6 3.60448 1e-08 6.38976
52.65 3.93216 1e-08 6.06208
52.7 4.42368 1e-08 5.7344
52.75 3.76832 1e-08 6.38976
52.8 3.76832 1e-08 6.22592
52.85 4.096 1e-08 5.89824
52.9 4.25984 1e-08 6.22592
52.95 3.76832 1e-08 6.06208
53 3.93216 1e-08 6.22592
53.05 3.93216 1e-08 5.89824
53.1 4.096 1e-08 6.06208
53.15 4.096 1e-08 6.22592
53.2 3.93216 1e-08 6.06208
53.25 4.25984 1e-08 5.89824
53.3 3.76832 1e-08 6.5536
53.35 4.096 1e-08 5.89824
53.4 3.93216 1e-08 5.89824
53.45 4.25984 1e-08 6.22592
53.5 3.76832 1e-08 6.06208
53.55 3.93216 1e-08 5.89824
53.6 4.25984 1e-08 6.22592
53.65 3.76832 1e-08 6.06208
53.7 4.096 1e-08 6.38976
53.75 3.93216 1e-08 5.89824
53.8 4.25984 1e-08 6.06208
53.85 3.93216 1e-08 6.38976
53.9 3.93216 1e-08 5.89824
53.95 3.93216 1e-08 6.06208
54 4.42368 1e-08 6.06208
54.05 3.76832 1e-08 6.22592
54.1 3.93216 1e-08 5.89824
54.15 4.096 1e-08 6.06208
54.2 4.096 1e-08 6.22592
54.25 3.93216 1e-08 6.06208
54.3 3.93216 1e-08 6.06208
54.35 4.096 1e-08 5.89824
54.4 4.096 1e-08 6.06208
54.45 3.93216 1e-08 6.22592
54.5 3.93216 1e-08 5.89824
54.55 4.096 1e-08 6.06208
54.6 4.25984 1e-08 6.22592
54.65 3.93216 1e-08 6.06208
54.7 3.93216 1e-08 5.89824
54.75 4.42368 1e-08 5.89824
54.8 3.76832 1e-08 6.22592
54.85 3.93216 1e-08 6.06208
54.9 4.096 1e-08 5.89824
54.95 4.25984 1e-08 6.06208
55 3.93216 1e-08 6.22592
55.05 3.76832 1e-08 5.89824
55.1 2.94912 1e-08 6.22592
55.15 2.4576 1e-08 5.7344
55.2 2.62144 1e-08 1.80224
55.25 3.76832 1e-08 0
55.3 0.49152 1e-08 0.32768
55.35 0.49152 1e-08 0
55.4 1.31072 1e-08 0.65536
55.45 0.32768 1e-08 1.31072
55.5 0 1e-08 2.62144
55.55 0 1e-08 3.60448
55.6 0 1e-08 1.6384
55.65 0 1e-08 9.8304
55.7 0 1e-08 6.88128
55.75 0 1e-08 7.53664
55.8 0 1e-08 7.70048
55.85 0 1e-08 8.35584
55.9 0 1e-08 9.66656
55.95 0 1e-08 7.86432
56 0 1e-08 8.192
56.05 0.16384 1e-08 8.35584
56.1 0 1e-08 8.84736
56.15 0.32768 1e-08 9.66656
56.2 0 1e-08 8.51968
56.25 0.65536 1e-08 8.84736
56.3 0 1e-08 9.17504
56.35 0.65536 1e-08 9.33888
56.4 0.65536 1e-08 9.0112
56.45 0 1e-08 8.68352
56.5 2.62144 1e-08 10.1581
56.55 0 1e-08 8.02816
56.6 2.78528 1e-08 8.84736
56.65 0 1e-08 9.0112
56.7 2.94912 1e-08 8.192
56.75 0 1e-08 9.50272
56.8 2.12992 1e-08 7.53664
56.85 0.98304 1e-08 10.1581
56.9 1.6384 1e-08 7.86432
56.95 1.6384 1e-08 9.17504
57 1.31072 1e-08 8.192
57.05 1.6384 1e-08 8.84736
57.1 0.65536 1e-08 8.51968
57.15 2.4576 1e-08 8.68352
57.2 0.98304 1e-08 8.84736
57.25 2.12992 1e-08 8.35584
57.3 1.31072 1e-08 7.04512
57.35 1.80224 1e-08 0
57.4 1.96608 1e-08 1e-08
57.45 1.96608 1e-08 1e-08
57.5 2.12992 1e-08 1e-08
57.55 1.96608 1e-08 1e-08
57.6 1.6384 1e-08 1e-08
57.65 2.12992 1e-08 1e-08
57.7 2.29376 1e-08 1e-08
57.75 1.47456 1e-08 1e-08
57.8 2.94912 1e-08 1e-08
57.85 1.47456 1e-08 1e-08
57.9 3.11296 1e-08 1e-08
57.95 1.47456 1e-08 1e-08
58 3.44064 1e-08 1e-08
58.05 1.47456 1e-08 1e-08
58.1 3.44064 1e-08 1e-08
58.15 1.6384 1e-08 1e-08
58.2 3.44064 1e-08 1e-08
58.25 1.80224 1e-08 1e-08
58.3 3.44064 1e-08 1e-08
58.35 1.96608 1e-08 1e-08
58.4 3.44064 1e-08 1e-08
58.45 2.12992 1e-08 1e-08
58.5 3.44064 1e-08 1e-08
58.55 2.12992 1e-08 1e-08
58.6 3.60448 1e-08 1e-08
58.65 2.12992 1e-08 1e-08
58.7 3.11296 1e-08 1e-08
58.75 2.78528 1e-08 1e-08
58.8 2.4576 1e-08 1e-08
58.85 3.2768 1e-08 1e-08
58.9 1.96608 1e-08 1e-08
58.95 4.25984 1e-08 1e-08
59 1.47456 1e-08 1e-08
59.05 4.9152 1e-08 1e-08
59.1 1.47456 1e-08 1e-08
59.15 5.07904 1e-08 1e-08
59.2 1.47456 1e-08 1e-08
59.25 5.40672 1e-08 1e-08
59.3 1.47456 1e-08 1e-08
59.35 5.40672 1e-08 1e-08
59.4 1.6384 1e-08 1e-08
59.45 5.40672 1e-08 1e-08
59.5 1.80224 1e-08 1e-08
59.55 5.40672 1e-08 1e-08
59.6 1.96608 1e-08 1e-08
59.65 5.40672 1e-08 1e-08
59.7 2.12992 1e-08 1e-08
59.75 4.75136 1e-08 1e-08
59.8 2.78528 1e-08 1e-08
59.85 4.096 1e-08 1e-08
59.9 3.60448 1e-08 1e-08
59.95 3.44064 1e-08 1e-08
60 4.42368 1e-08 1e-08
60.05 2.62144 1e-08 1e-08
60.1 5.40672 1e-08 1e-08
60.15 1.47456 1e-08 1e-08
60.2 6.38976 1e-08 1e-08
60.25 1.47456 1e-08 1e-08
60.3 6.88128 1e-08 1e-08
60.35 1.47456 1e-08 1e-08
60.4 7.20896 1e-08 1e-08
60.45 1.31072 1e-08 1e-08
60.5 7.3728 1e-08 1e-08
60.55 1.47456 1e-08 1e-08
60.6 7.3728 1e-08 1e-08
60.65 1.6384 1e-08 1e-08
60.7 6.88128 1e-08 1e-08
60.75 2.29376 1e-08 1e-08
60.8 6.06208 1e-08 1e-08
60.85 3.2768 1e-08 1e-08
60.9 5.24288 1e-08 1e-08
60.95 4.25984 1e-08 1e-08
61 4.42368 1e-08 1e-08
61.05 5.07904 1e-08 1e-08
61.1 3.76832 1e-08 1e-08
61.15 5.89824 1e-08 1e-08
61.2 3.11296 1e-08 1e-08
61.25 6.71744 1e-08 1e-08
61.3 2.4576 1e-08 1e-08
61.35 7.70048 1e-08 1e-08
61.4 1.6384 1e-08 1e-08
61.45 8.02816 1e-08 1e-08
61.5 1.47456 1e-08 1e-08
61.55 9.0112 1e-08 1e-08
61.6 1.31072 1e-08 1e-08
61.65 9.17504 1e-08 1e-08
61.7 1.47456 1e-08 1e-08
61.75 8.68352 1e-08 1e-08
61.8 1.96608 1e-08 1e-08
61.85 8.02816 1e-08 1e-08
61.9 2.94912 1e-08 1e-08
61.95 7.20896 1e-08 1e-08
62 3.93216 1e-08 1e-08
62.05 6.38976 1e-08 1e-08
62.1 4.9152 1e-08 1e-08
62.15 5.57056 1e-08 1e-08
62.2 5.89824 1e-08 1e-08
62.25 4.75136 1e-08 1e-08
62.3 6.71744 1e-08 1e-08
62.35 3.93216 1e-08 1e-08
62.4 7.86432 1e-08 1e-08
62.45 3.11296 1e-08 1e-08
62.5 8.68352 1e-08 1e-08
62.55 2.4576 1e-08 1e-08
62.6 9.50272 1e-08 1e-08
62.65 1.80224 1e-08 1e-08
62.7 9.99424 1e-08 1e-08
62.75 1.47456 1e-08 1e-08
62.8 10.1581 1e-08 1e-08
62.85 2.12992 1e-08 1e-08
62.9 9.50272 1e-08 1e-08
62.95 2.94912 1e-08 1e-08
63 8.84736 1e-08 1e-08
63.05 3.76832 1e-08 1e-08
63.1 8.192 1e-08 1e-08
63.15 4.75136 1e-08 1e-08
63.2 7.3728 1e-08 1e-08
63.25 5.7344 1e-08 1e-08
63.3 6.5536 1e-08 1e-08
63.35 6.71744 1e-08 1e-08
63.4 5.7344 1e-08 1e-08
63.45 7.70048 1e-08 1e-08
63.5 4.9152 1e-08 1e-08
63.55 8.68352 1e-08 1e-08
63.6 4.096 1e-08 1e-08
63.65 9.50272 1e-08 1e-08
63.7 3.44064 1e-08 1e-08
63.75 10.1581 1e-08 1e-08
63.8 2.94912 1e-08 1e-08
63.85 10.1581 1e-08 1e-08
63.9 3.11296 1e-08 1e-08
63.95 10.1581 1e-08 1e-08
64 3.2768 1e-08 1e-08
64.05 10.1581 1e-08 1e-08
64.1 3.76832 1e-08 1e-08
64.15 9.8304 1e-08 1e-08
64.2 4.58752 1e-08 1e-08
64.25 9.17504 1e-08 1e-08
64.3 5.40672 1e-08 1e-08
64.35 8.51968 1e-08 1e-08
64.4 6.38976 1e-08 1e-08
64.45 7.70048 1e-08 1e-08
64.5 7.3728 1e-08 1e-08
64.55 6.88128 1e-08 1e-08
64.6 8.35584 1e-08 1e-08
64.65 5.89824 1e-08 1e-08
64.7 9.50272 1e-08 1e-08
64.75 5.07904 1e-08 1e-08
64.8 10.1581 1e-08 1e-08
64.85 4.58752 1e-08 1e-08
64.9 10.1581 1e-08 1e-08
64.95 4.75136 1e-08 1e-08
65 10.1581 1e-08 1e-08
65.05 4.9152 1e-08 1e-08
65.1 9.50272 1e-08 1e-08
65.15 5.07904 1e-08 1e-08
65.2 10.1581 1e-08 1e-08
65.25 5.57056 1e-08 1e-08
65.3 9.8304 1e-08 1e-08
65.35 6.22592 1e-08 1e-08
65.4 9.33888 1e-08 1e-08
65.45 7.04512 1e-08 1e-08
65.5 8.68352 1e-08 1e-08
65.55 8.02816 1e-08 1e-08
65.6 7.86432 1e-08 1e-08
65.65 8.84736 1e-08 1e-08
65.7 7.20896 1e-08 1e-08
65.75 9.8304 1e-08 1e-08
65.8 6.22592 1e-08 1e-08
65.85 10.1581 1e-08 1e-08
65.9 6.22592 1e-08 1e-08
65.95 10.1581 1e-08 1e-08
66 6.38976 1e-08 1e-08
66.05 10.1581 1e-08 1e-08
66.1 6.5536 1e-08 1e-08
66.15 10.3219 1e-08 1e-08
66.2 6.71744 1e-08 1e-08
66.25 10.1581 1e-08 1e-08
66.3 6.88128 1e-08 1e-08
66.35 10.1581 1e-08 1e-08
66.4 7.04512 1e-08 1e-08
66.45 10.1581 1e-08 1e-08
66.5 7.20896 1e-08 1e-08
66.55 10.1581 1e-08 1e-08
66.6 8.02816 1e-08 1e-08
66.65 9.50272 1e-08 1e-08
66.7 8.84736 1e-08 1e-08
66.75 8.84736 1e-08 1e-08
66.8 9.66656 1e-08 1e-08
66.85 8.192 1e-08 1e-08
66.9 9.99424 1e-08 1e-08
66.95 7.86432 1e-08 1e-08
67 10.1581 1e-08 1e-08
67.05 8.02816 1e-08 1e-08
67.1 10.1581 1e-08 1e-08
67.15 8.192 1e-08 1e-08
67.2 10.1581 1e-08 1e-08
67.25 8.35584 1e-08 1e-08
67.3 10.1581 1e-08 1e-08
67.35 8.51968 1e-08 1e-08
67.4 10.1581 1e-08 1e-08
67.45 8.68352 1e-08 1e-08
67.5 10.1581 1e-08 1e-08
67.55 8.84736 1e-08 1e-08
67.6 10.1581 1e-08 1e-08
67.65 9.0112 1e-08 1e-08
67.7 10.1581 1e-08 1e-08
67.75 9.17504 1e-08 1e-08
67.8 10.1581 1e-08 1e-08
67.85 9.99424 1e-08 1e-08
67.9 9.50272 1e-08 1e-08
67.95 9.99424 1e-08 1e-08
68 9.66656 1e-08 1e-08
68.05 9.99424 1e-08 1e-08
68.1 9.66656 1e-08 1e-08
68.15 10.1581 1e-08 1e-08
68.2 9.8304 1e-08 1e-08
68.25 10.1581 1e-08 1e-08
68.3 9.99424 1e-08 1e-08
68.35 10.1581 1e-08 1e-08
68.4 10.1581 1e-08 1e-08
68.45 10.1581 1e-08 1e-08
68.5 9.99424 1e-08 1e-08
68.55 10.1581 1e-08 1e-08
68.6 9.99424 1e-08 1e-08
68.65 10.1581 1e-08 1e-08
68.7 9.99424 1e-08 1e-08
68.75 10.1581 1e-08 1e-08
68.8 9.99424 1e-08 1e-08
68.85 10.1581 1e-08 1e-08
68.9 9.99424 1e-08 1e-08
68.95 9.99424 1e-08 1e-08
69 10.1581 1e-08 1e-08
69.05 9.99424 1e-08 1e-08
69.1 10.1581 1e-08 1e-08
69.15 9.99424 1e-08 1e-08
69.2 10.1581 1e-08 1e-08
69.25 9.99424 1e-08 1e-08
69.3 10.1581 1e-08 1e-08
69.35 9.99424 1e-08 1e-08
69.4 9.99424 1e-08 1e-08
69.45 10.1581 1e-08 1e-08
69.5 9.99424 1e-08 1e-08
69.55 10.1581 1e-08 1e-08
69.6 9.99424 1e-08 1e-08
69.65 10.1581 1e-08 1e-08
69.7 9.99424 1e-08 1e-08
69.75 10.1581 1e-08 1e-08
69.8 9.99424 1e-08 1e-08
69.85 10.1581 1e-08 1e-08
69.9 10.1581 1e-08 1e-08
69.95 9.99424 1e-08 1e-08
70 10.1581 1e-08 1e-08
70.05 9.99424 1e-08 1e-08
70.1 9.99424 1e-08 1e-08
70.15 9.8304 1e-08 1e-08
70.2 9.99424 1e-08 1e-08
70.25 10.1581 1e-08 1e-08
70.3 9.99424 1e-08 1e-08
70.35 10.1581 1e-08 1e-08
70.4 9.99424 1e-08 1e-08
70.45 9.99424 1e-08 1e-08
70.5 10.1581 1e-08 1e-08
70.55 9.99424 1e-08 1e-08
70.6 10.1581 1e-08 1e-08
70.65 9.99424 1e-08 1e-08
70.7 10.1581 1e-08 1e-08
70.75 9.99424 1e-08 1e-08
70.8 9.99424 1e-08 1e-08
70.85 10.1581 1e-08 1e-08
70.9 9.99424 1e-08 1e-08
70.95 10.1581 1e-08 1e-08
71 9.99424 1e-08 1e-08
71.05 9.99424 1e-08 1e-08
71.1 10.1581 1e-08 1e-08
71.15 9.99424 1e-08 1e-08
71.2 10.1581 1e-08 1e-08
71.25 7.04512 1e-08 1e-08
71.3 0 1e-08 1e-08
71.35 0 1e-08 1e-08
