0 0 0 0
0.05 0 0 0
0.1 0 0 0
0.15 0 0 0
0.2 0 0 0
0.25 0 0 0
0.3 0 0 0
0.35 0 0 0
0.4 0 0 0
0.45 0 0 0
0.5 0 0 0
0.55 0 0 0
0.6 0 0 0
0.65 2 0 0
0.7 2 0 0
0.75 5 0 0
0.8 5 0 0
0.85 11 0 0
0.9 11 0 0
0.95 23 0 0
1 23 0 0
1.05 47 0 0
1.1 47 0 0
1.15 79 0 0
1.2 95 0 0
1.25 122 0 0
1.3 183 0 0
1.35 213 0 0
1.4 274 0 0
1.45 335 0 0
1.5 396 0 0
1.55 457 0 0
1.6 518 0 0
1.65 579 0 0
1.7 640 0 0
1.75 701 0 0
1.8 762 0 0
1.85 823 0 0
1.9 884 0 0
1.95 945 0 0
2 1006 0 0
2.05 1067 0 0
2.1 1128 0 0
2.15 1189 0 0
2.2 1250 0 0
2.25 1312 0 0
2.3 1 0 0
2.35 1 0 0
2.4 1 0 0
2.45 1 0 0
2.5 1 0 0
2.55 2 0 0
2.6 2 0 0
2.65 3 0 0
2.7 4 0 0
2.75 4 0 0
2.8 8 0 0
2.85 8 0 0
2.9 16 0 0
2.95 16 0 0
3 32 0 0
3.05 32 0 0
3.1 64 0 0
3.15 64 0 0
3.2 101 0 0
3.25 128 0 0
3.3 160 0 0
3.35 221 0 0
3.4 282 0 0
3.45 343 0 0
3.5 404 0 0
3.55 465 0 0
3.6 526 0 0
3.65 587 0 0
3.7 648 0 0
3.75 661 0 0
3.8 661 0 0
3.85 661 0 0
3.9 661 0 0
3.95 661 0 0
4 685 0 0
4.05 684 0 0
4.1 665 0 0
4.15 1 0 0
4.2 1 0 0
4.25 2 0 0
4.3 2 0 0
4.35 4 0 0
4.4 4 0 0
4.45 8 0 0
4.5 8 0 0
4.55 16 0 0
4.6 16 0 0
4.65 32 0 0
4.7 32 0 0
4.75 43 0 0
4.8 64 0 0
4.85 70 0 0
4.9 128 0 0
4.95 129 0 0
5 167 0 0
5.05 167 0 0
5.1 167 0 0
5.15 168 0 0
5.2 168 0 0
5.25 168 0 0
5.3 169 0 0
5.35 169 0 0
5.4 170 0 0
5.45 170 0 0
5.5 170 0 0
5.55 171 0 0
5.6 171 0 0
5.65 171 0 0
5.7 172 0 0
5.75 172 0 0
5.8 172 0 0
5.85 173 0 0
5.9 173 0 0
5.95 173 0 0
6 174 0 0
6.05 174 0 0
6.1 175 0 0
6.15 175 0 0
6.2 175 0 0
6.25 176 0 0
6.3 176 0 0
6.35 176 0 0
6.4 177 0 0
6.45 177 0 0
6.5 177 0 0
6.55 178 0 0
6.6 178 0 0
6.65 178 0 0
6.7 179 0 0
6.75 179 0 0
6.8 179 0 0
6.85 180 0 0
6.9 180 0 0
6.95 180 0 0
7 181 0 0
7.05 181 0 0
7.1 181 0 0
7.15 182 0 0
7.2 182 0 0
7.25 182 0 0
7.3 183 0 0
7.35 183 0 0
7.4 183 0 0
7.45 184 0 0
7.5 184 0 0
7.55 184 0 0
7.6 185 0 0
7.65 185 0 0
7.7 185 0 0
7.75 186 0 0
7.8 186 0 0
7.85 186 0 0
7.9 187 0 0
7.95 187 0 0
8 187 0 0
8.05 188 0 0
8.1 188 0 0
8.15 188 0 0
8.2 189 0 0
8.25 189 0 0
8.3 189 0 0
8.35 190 0 0
8.4 190 0 0
8.45 190 0 0
8.5 191 0 0
8.55 191 0 0
8.6 191 0 0
8.65 192 0 0
8.7 192 0 0
8.75 192 0 0
8.8 193 0 0
8.85 193 0 0
8.9 193 0 0
8.95 193 0 0
9 194 0 0
9.05 194 0 0
9.1 194 0 0
9.15 195 0 0
9.2 195 0 0
9.25 195 0 0
9.3 196 0 0
9.35 196 0 0
9.4 196 0 0
9.45 197 0 0
9.5 197 0 0
9.55 197 0 0
9.6 198 0 0
9.65 198 0 0
9.7 198 0 0
9.75 198 0 0
9.8 199 0 0
9.85 199 0 0
9.9 199 0 0
9.95 200 0 0
10 200 0 0
10.05 200 0 0
10.1 201 0 0
10.15 201 2 0
10.2 201 2 0
10.25 202 4 0
10.3 202 5 0
10.35 202 5 0
10.4 202 11 0
10.45 203 11 0
10.5 203 11 0
10.55 203 23 0
10.6 204 23 0
10.65 204 31 0
10.7 204 47 0
10.75 204 47 0
10.8 205 57 0
10.85 205 70 0
10.9 205 70 0
10.95 205 83 0
11 206 93 0
11.05 206 93 0
11.1 206 109 0
11.15 206 116 0
11.2 207 116 0
11.25 207 134 0
11.3 232 139 0
11.35 293 169 0
11.4 312 185 0
11.45 257 212 0
11.5 228 1 0
11.55 206 1 0
11.6 206 1 0
11.65 206 2 0
11.7 206 4 0
11.75 206 8 0
11.8 206 16 0
11.85 206 16 0
11.9 206 32 0
11.95 206 64 0
12 206 91 0
12.05 206 118 0
12.1 206 118 0
12.15 1 119 0
12.2 1 119 0
12.25 2 120 0
12.3 2 120 0
12.35 2 121 0
12.4 4 121 0
12.45 4 122 0
12.5 4 122 0
12.55 8 123 0
12.6 8 123 0
12.65 8 124 0
12.7 16 124 0
12.75 16 125 0
12.8 16 125 0
12.85 32 126 0
12.9 32 126 0
12.95 32 126 0
13 54 127 0
13.05 54 127 0
13.1 54 127 0
13.15 54 128 0
13.2 55 128 0
13.25 55 129 0
13.3 55 129 0
13.35 56 129 0
13.4 56 130 0
13.45 56 130 0
13.5 56 130 0
13.55 57 131 0
13.6 57 131 0
13.65 57 131 0
13.7 57 132 0
13.75 58 132 0
13.8 58 132 0
13.85 58 133 0
13.9 58 133 0
13.95 59 133 0
14 59 134 0
14.05 59 134 0
14.1 60 134 0
14.15 60 135 0
14.2 60 135 0
14.25 60 135 0
14.3 61 136 0
14.35 61 136 0
14.4 61 136 0
14.45 61 137 0
14.5 62 137 0
14.55 62 137 0
14.6 62 138 0
14.65 62 138 0
14.7 63 138 0
14.75 63 139 0
14.8 63 139 0
14.85 63 139 0
14.9 64 140 0
14.95 64 140 0
15 64 140 0
15.05 64 141 0
15.1 65 141 0
15.15 65 141 0
15.2 65 142 0
15.25 65 142 0
15.3 66 142 0
15.35 66 143 0
15.4 66 143 0
15.45 66 143 0
15.5 67 144 0
15.55 67 144 0
15.6 67 144 0
15.65 67 144 0
15.7 68 145 0
15.75 68 145 0
15.8 68 145 0
15.85 68 146 0
15.9 69 146 0
15.95 69 168 0
16 69 212 0
16.05 69 207 0
16.1 70 162 0
16.15 70 145 0
16.2 71 145 0
16.25 71 145 0
16.3 72 145 0
16.35 72 145 0
16.4 73 145 0
16.45 73 145 0
16.5 74 145 0
16.55 74 145 0
16.6 75 145 0
16.65 75 145 0
16.7 75 1 0
16.75 76 2 0
16.8 76 4 0
16.85 77 4 0
16.9 77 8 0
16.95 78 16 0
17 78 25 0
17.05 79 33 0
17.1 79 38 0
17.15 80 39 0
17.2 80 40 0
17.25 80 40 0
17.3 81 41 0
17.35 81 41 0
17.4 82 42 0
17.45 82 43 0
17.5 83 43 0
17.55 83 44 0
17.6 83 45 0
17.65 84 45 0
17.7 84 46 0
17.75 85 46 0
17.8 85 47 0
17.85 85 48 0
17.9 86 48 0
17.95 86 49 0
18 87 49 0
18.05 87 50 0
18.1 87 51 0
18.15 88 51 0
18.2 88 52 0
18.25 89 52 0
18.3 89 53 0
18.35 89 53 0
18.4 90 54 0
18.45 90 54 0
18.5 90 55 0
18.55 91 55 0
18.6 91 56 0
18.65 91 56 0
18.7 92 57 0
18.75 92 57 0
18.8 93 58 0
18.85 93 58 0
18.9 93 59 0
18.95 94 59 0
19 94 60 0
19.05 94 60 0
19.1 95 61 0
19.15 95 61 0
19.2 95 62 0
19.25 96 62 0
19.3 96 63 0
19.35 96 63 0
19.4 97 64 0
19.45 97 64 0
19.5 97 65 0
19.55 98 65 0
19.6 98 65 0
19.65 98 66 0
19.7 99 66 0
19.75 99 67 0
19.8 99 67 0
19.85 100 68 0
19.9 100 68 0
19.95 100 69 0
20 101 69 0
20.05 101 69 0
20.1 101 70 2
20.15 101 70 5
20.2 102 71 11
20.25 102 71 11
20.3 102 71 23
20.35 103 72 47
20.4 103 72 68
20.45 103 73 97
20.5 103 73 140
20.55 104 74 185
20.6 104 74 223
20.65 104 75 268
20.7 104 75 316
20.75 104 76 367
20.8 104 76 423
20.85 104 77 480
20.9 104 78 539
20.95 104 78 596
21 103 79 657
21.05 103 80 718
21.1 103 81 779
21.15 103 82 1
21.2 103 82 1
21.25 103 83 1
21.3 103 84 1
21.35 103 85 1
21.4 103 85 1
21.45 1 86 1
21.5 1 87 1
21.55 2 87 1
21.6 2 88 1
21.65 3 89 1
21.7 4 89 1
21.75 4 90 1
21.8 8 91 1
21.85 8 91 1
21.9 16 92 1
21.95 16 93 1
22 19 93 1
22.05 27 94 1
22.1 27 94 1
22.15 28 95 1
22.2 28 95 1
22.25 28 96 1
22.3 29 96 1
22.35 29 97 1
22.4 29 97 1
22.45 30 98 1
22.5 30 99 1
22.55 30 99 2
22.6 31 100 2
22.65 31 100 3
22.7 31 101 4
22.75 32 101 5
22.8 32 102 6
22.85 33 102 6
22.9 33 103 7
22.95 33 103 8
23 34 103 9
23.05 34 104 10
23.1 34 104 10
23.15 35 105 11
23.2 35 105 12
23.25 35 106 13
23.3 36 106 13
23.35 36 107 14
23.4 36 107 15
23.45 37 108 16
23.5 37 108 17
23.55 37 109 17
23.6 38 109 18
23.65 38 110 19
23.7 38 110 20
23.75 39 110 21
23.8 39 111 21
23.85 39 111 22
23.9 40 112 23
23.95 40 112 24
24 40 113 25
24.05 40 113 25
24.1 41 113 26
24.15 41 114 27
24.2 41 114 28
24.25 42 115 29
24.3 42 115 29
24.35 42 116 30
24.4 43 116 31
24.45 43 116 32
24.5 43 117 33
24.55 44 117 33
24.6 44 118 34
24.65 44 118 35
24.7 44 118 36
24.75 45 119 36
24.8 45 119 37
24.85 45 120 38
24.9 46 120 39
24.95 46 120 40
25 46 121 40
25.05 47 121 41
25.1 47 122 42
25.15 47 122 43
25.2 47 122 44
25.25 48 123 44
25.3 48 123 45
25.35 48 124 46
25.4 49 124 47
25.45 49 124 47
25.5 49 125 48
25.55 49 125 49
25.6 50 125 50
25.65 50 126 51
25.7 50 126 51
25.75 51 127 52
25.8 51 127 53
25.85 51 127 54
25.9 51 128 55
25.95 52 128 55
26 52 128 56
26.05 52 129 57
26.1 53 129 58
26.15 53 129 59
26.2 53 130 59
26.25 53 130 60
26.3 54 131 61
26.35 54 131 62
26.4 54 131 62
26.45 54 132 63
26.5 55 132 64
26.55 55 132 65
26.6 55 133 65
26.65 56 133 66
26.7 56 133 67
26.75 56 134 67
26.8 56 134 68
26.85 57 134 69
26.9 57 135 70
26.95 57 135 70
27 57 135 71
27.05 58 136 72
27.1 58 136 72
27.15 58 137 73
27.2 58 137 73
27.25 59 137 74
27.3 59 138 75
27.35 59 138 75
27.4 59 138 76
27.45 60 139 77
27.5 60 139 77
27.55 60 139 78
27.6 60 140 78
27.65 60 140 79
27.7 61 140 80
27.75 61 141 80
27.8 61 141 81
27.85 61 141 81
27.9 62 142 82
27.95 62 142 83
28 62 142 83
28.05 62 143 84
28.1 63 143 84
28.15 63 143 85
28.2 63 144 85
28.25 63 144 86
28.3 63 144 86
28.35 64 145 87
28.4 64 145 88
28.45 64 145 88
28.5 64 145 89
28.55 65 146 89
28.6 65 146 90
28.65 65 146 90
28.7 65 147 91
28.75 65 147 91
28.8 66 147 92
28.85 66 148 92
28.9 66 148 93
28.95 66 148 93
29 66 149 94
29.05 67 149 94
29.1 67 149 95
29.15 67 150 95
29.2 67 150 96
29.25 68 136 96
29.3 68 89 97
29.35 68 42 97
29.4 68 1e-08 98
29.45 68 1e-08 98
29.5 69 1e-08 99
29.55 69 1e-08 99
29.6 69 1e-08 99
29.65 70 1e-08 100
29.7 70 1e-08 100
29.75 70 1e-08 101
29.8 71 1e-08 101
29.85 71 1e-08 101
29.9 71 1e-08 102
29.95 71 1e-08 102
30 72 1e-08 103
30.05 72 1e-08 103
30.1 72 1e-08 103
30.15 72 1e-08 104
30.2 73 1e-08 104
30.25 73 1e-08 86
30.3 55 1e-08 66
30.35 59 1e-08 66
30.4 62 1e-08 65
30.45 52 1e-08 65
30.5 49 1e-08 65
30.55 49 1e-08 65
30.6 49 1e-08 1
30.65 49 1e-08 2
30.7 49 1e-08 2
30.75 49 1e-08 4
30.8 49 1e-08 8
30.85 49 1e-08 16
30.9 49 1e-08 18
30.95 49 1e-08 18
31 1 1e-08 19
31.05 1 1e-08 20
31.1 2 1e-08 21
31.15 2 1e-08 22
31.2 4 1e-08 22
31.25 4 1e-08 23
31.3 8 1e-08 24
31.35 8 1e-08 25
31.4 14 1e-08 26
31.45 14 1e-08 26
31.5 15 1e-08 27
31.55 15 1e-08 28
31.6 16 1e-08 29
31.65 16 1e-08 29
31.7 16 1e-08 30
31.75 17 1e-08 31
31.8 17 1e-08 32
31.85 18 1e-08 33
31.9 18 1e-08 33
31.95 19 1e-08 34
32 19 1e-08 35
32.05 20 1e-08 36
32.1 20 1e-08 37
32.15 21 1e-08 37
32.2 21 1e-08 38
32.25 22 1e-08 39
32.3 22 1e-08 40
32.35 23 1e-08 40
32.4 23 1e-08 41
32.45 24 1e-08 42
32.5 24 1e-08 43
32.55 24 1e-08 44
32.6 25 1e-08 44
32.65 25 1e-08 45
32.7 26 1e-08 46
32.75 26 1e-08 47
32.8 27 1e-08 48
32.85 27 1e-08 48
32.9 28 1e-08 49
32.95 28 1e-08 50
33 29 1e-08 51
33.05 29 1e-08 51
33.1 30 1e-08 52
33.15 30 1e-08 53
33.2 31 1e-08 54
33.25 31 1e-08 55
33.3 31 1e-08 55
33.35 32 1e-08 56
33.4 32 1e-08 57
33.45 33 1e-08 58
33.5 33 1e-08 58
33.55 34 1e-08 59
33.6 34 1e-08 60
33.65 35 1e-08 61
33.7 35 1e-08 61
33.75 36 1e-08 62
33.8 36 1e-08 63
33.85 37 1e-08 64
33.9 37 1e-08 64
33.95 37 1e-08 65
34 38 1e-08 66
34.05 38 1e-08 66
34.1 39 1e-08 67
34.15 39 1e-08 68
34.2 40 1e-08 68
34.25 40 1e-08 69
34.3 40 1e-08 70
34.35 41 1e-08 70
34.4 41 1e-08 71
34.45 42 1e-08 72
34.5 42 1e-08 72
34.55 43 1e-08 73
34.6 43 1e-08 73
34.65 43 1e-08 74
34.7 44 1e-08 75
34.75 44 1e-08 75
34.8 45 1e-08 76
34.85 45 1e-08 76
34.9 45 1e-08 77
34.95 46 1e-08 78
35 46 1e-08 78
35.05 46 1e-08 79
35.1 47 1e-08 79
35.15 47 1e-08 80
35.2 48 1e-08 80
35.25 48 1e-08 81
35.3 48 1e-08 81
35.35 49 1e-08 82
35.4 49 1e-08 82
35.45 49 1e-08 83
35.5 50 1e-08 83
35.55 50 1e-08 84
35.6 50 1e-08 84
35.65 51 1e-08 85
35.7 51 1e-08 86
35.75 52 1e-08 86
35.8 52 1e-08 87
35.85 52 1e-08 87
35.9 53 1e-08 88
35.95 53 1e-08 88
36 53 1e-08 88
36.05 54 1e-08 89
36.1 54 1e-08 89
36.15 54 1e-08 90
36.2 55 1e-08 90
36.25 55 1e-08 91
36.3 55 1e-08 91
36.35 56 1e-08 92
36.4 56 1e-08 92
36.45 56 1e-08 93
36.5 57 1e-08 93
36.55 57 1e-08 94
36.6 57 1e-08 94
36.65 58 1e-08 95
36.7 58 1e-08 95
36.75 58 1e-08 95
36.8 59 1e-08 96
36.85 59 1e-08 96
36.9 59 1e-08 97
36.95 60 1e-08 97
37 60 1e-08 98
37.05 60 1e-08 98
37.1 61 1e-08 98
37.15 61 1e-08 99
37.2 61 1e-08 99
37.25 62 1e-08 100
37.3 62 1e-08 100
37.35 62 1e-08 101
37.4 62 1e-08 101
37.45 63 1e-08 101
37.5 63 1e-08 102
37.55 63 1e-08 102
37.6 64 1e-08 103
37.65 64 1e-08 103
37.7 64 1e-08 103
37.75 65 1e-08 104
37.8 65 1e-08 104
37.85 65 1e-08 105
37.9 66 1e-08 105
37.95 66 1e-08 105
38 66 1e-08 106
38.05 66 1e-08 106
38.1 67 1e-08 107
38.15 67 1e-08 107
38.2 67 1e-08 107
38.25 68 1e-08 108
38.3 68 1e-08 108
38.35 68 1e-08 109
38.4 68 1e-08 109
38.45 69 1e-08 109
38.5 69 1e-08 110
38.55 69 1e-08 110
38.6 70 1e-08 111
38.65 70 1e-08 111
38.7 70 1e-08 111
38.75 70 1e-08 112
38.8 71 1e-08 112
38.85 71 1e-08 112
38.9 71 1e-08 113
38.95 72 1e-08 113
39 72 1e-08 113
39.05 72 1e-08 114
39.1 72 1e-08 114
39.15 73 1e-08 115
39.2 73 1e-08 115
39.25 73 1e-08 115
39.3 74 1e-08 116
39.35 74 1e-08 116
39.4 74 1e-08 116
39.45 74 1e-08 117
39.5 75 1e-08 117
39.55 75 1e-08 117
39.6 75 1e-08 118
39.65 75 1e-08 118
39.7 76 1e-08 118
39.75 76 1e-08 119
39.8 76 1e-08 119
39.85 77 1e-08 119
39.9 77 1e-08 120
39.95 77 1e-08 120
40 77 1e-08 120
40.05 78 1e-08 121
40.1 78 1e-08 121
40.15 78 1e-08 121
40.2 78 1e-08 121
40.25 78 1e-08 129
40.3 73 1e-08 104
40.35 63 1e-08 88
40.4 63 1e-08 88
40.45 62 1e-08 87
40.5 62 1e-08 87
40.55 62 1e-08 87
40.6 62 1e-08 1
40.65 62 1e-08 2
40.7 62 1e-08 4
40.75 62 1e-08 4
40.8 62 1e-08 8
40.85 62 1e-08 16
40.9 62 1e-08 23
40.95 1 1e-08 23
41 1 1e-08 24
41.05 2 1e-08 25
41.1 2 1e-08 26
41.15 4 1e-08 27
41.2 4 1e-08 27
41.25 8 1e-08 28
41.3 8 1e-08 29
41.35 14 1e-08 30
41.4 16 1e-08 30
41.45 17 1e-08 31
41.5 17 1e-08 32
41.55 17 1e-08 33
41.6 18 1e-08 34
41.65 18 1e-08 34
41.7 19 1e-08 35
41.75 19 1e-08 36
41.8 20 1e-08 37
41.85 20 1e-08 38
41.9 21 1e-08 38
41.95 21 1e-08 39
42 22 1e-08 40
42.05 22 1e-08 41
42.1 23 1e-08 42
42.15 23 1e-08 42
42.2 24 1e-08 43
42.25 24 1e-08 44
42.3 25 1e-08 45
42.35 25 1e-08 45
42.4 26 1e-08 46
42.45 26 1e-08 47
42.5 27 1e-08 48
42.55 27 1e-08 49
42.6 27 1e-08 49
42.65 28 1e-08 50
42.7 28 1e-08 51
42.75 29 1e-08 52
42.8 29 1e-08 52
42.85 30 1e-08 53
42.9 30 1e-08 54
42.95 31 1e-08 55
43 31 1e-08 56
43.05 32 1e-08 56
43.1 32 1e-08 57
43.15 33 1e-08 58
43.2 33 1e-08 59
43.25 34 1e-08 59
43.3 34 1e-08 60
43.35 35 1e-08 61
43.4 35 1e-08 62
43.45 35 1e-08 62
43.5 36 1e-08 63
43.55 36 1e-08 64
43.6 37 1e-08 65
43.65 37 1e-08 65
43.7 38 1e-08 66
43.75 38 1e-08 67
43.8 39 1e-08 67
43.85 39 1e-08 68
43.9 39 1e-08 69
43.95 40 1e-08 69
44 40 1e-08 70
44.05 41 1e-08 70
44.1 41 1e-08 71
44.15 42 1e-08 72
44.2 42 1e-08 72
44.25 42 1e-08 73
44.3 43 1e-08 74
44.35 43 1e-08 74
44.4 44 1e-08 75
44.45 44 1e-08 75
44.5 44 1e-08 76
44.55 45 1e-08 77
44.6 45 1e-08 77
44.65 46 1e-08 78
44.7 46 1e-08 78
44.75 46 1e-08 79
44.8 47 1e-08 79
44.85 47 1e-08 80
44.9 47 1e-08 80
44.95 48 1e-08 81
45 48 1e-08 82
45.05 49 1e-08 82
45.1 49 1e-08 83
45.15 49 1e-08 83
45.2 50 1e-08 84
45.25 50 1e-08 84
45.3 50 1e-08 85
45.35 51 1e-08 85
45.4 51 1e-08 86
45.45 51 1e-08 86
45.5 52 1e-08 87
45.55 52 1e-08 87
45.6 52 1e-08 88
45.65 53 1e-08 88
45.7 53 1e-08 89
45.75 53 1e-08 89
45.8 54 1e-08 90
45.85 54 1e-08 90
45.9 54 1e-08 91
45.95 55 1e-08 91
46 55 1e-08 91
46.05 56 1e-08 92
46.1 56 1e-08 92
46.15 56 1e-08 93
46.2 57 1e-08 93
46.25 57 1e-08 94
46.3 57 1e-08 94
46.35 58 1e-08 95
46.4 58 1e-08 95
46.45 58 1e-08 96
46.5 58 1e-08 96
46.55 59 1e-08 96
46.6 59 1e-08 97
46.65 59 1e-08 97
46.7 60 1e-08 98
46.75 60 1e-08 98
46.8 60 1e-08 99
46.85 61 1e-08 99
46.9 61 1e-08 100
46.95 61 1e-08 100
47 62 1e-08 100
47.05 62 1e-08 101
47.1 62 1e-08 101
47.15 63 1e-08 102
47.2 63 1e-08 102
47.25 63 1e-08 102
47.3 64 1e-08 103
47.35 64 1e-08 103
47.4 64 1e-08 104
47.45 64 1e-08 104
47.5 65 1e-08 104
47.55 65 1e-08 105
47.6 65 1e-08 105
47.65 66 1e-08 106
47.7 66 1e-08 106
47.75 66 1e-08 106
47.8 67 1e-08 107
47.85 67 1e-08 107
47.9 67 1e-08 108
47.95 67 1e-08 108
48 68 1e-08 108
48.05 68 1e-08 109
48.1 68 1e-08 109
48.15 69 1e-08 110
48.2 69 1e-08 110
48.25 69 1e-08 110
48.3 69 1e-08 111
48.35 70 1e-08 111
48.4 70 1e-08 111
48.45 70 1e-08 112
48.5 71 1e-08 112
48.55 71 1e-08 113
48.6 71 1e-08 113
48.65 71 1e-08 113
48.7 72 1e-08 114
48.75 72 1e-08 114
48.8 72 1e-08 114
48.85 73 1e-08 115
48.9 73 1e-08 115
48.95 73 1e-08 115
49 73 1e-08 116
49.05 74 1e-08 116
49.1 74 1e-08 116
49.15 74 1e-08 117
49.2 74 1e-08 117
49.25 75 1e-08 118
49.3 75 1e-08 118
49.35 75 1e-08 118
49.4 76 1e-08 119
49.45 76 1e-08 119
49.5 76 1e-08 119
49.55 76 1e-08 120
49.6 77 1e-08 120
49.65 77 1e-08 120
49.7 77 1e-08 121
49.75 77 1e-08 121
49.8 78 1e-08 121
49.85 78 1e-08 122
49.9 78 1e-08 122
49.95 78 1e-08 122
50 79 1e-08 123
50.05 79 1e-08 123
50.1 79 1e-08 123
50.15 79 1e-08 124
50.2 79 1e-08 124
50.25 80 1e-08 128
50.3 70 1e-08 123
50.35 70 1e-08 101
50.4 87 1e-08 100
50.45 87 1e-08 100
50.5 69 1e-08 100
50.55 69 1e-08 100
50.6 69 1e-08 1
50.65 69 1e-08 2
50.7 69 1e-08 2
50.75 69 1e-08 4
50.8 69 1e-08 8
50.85 69 1e-08 16
50.9 69 1e-08 20
50.95 69 1e-08 27
51 69 1e-08 28
51.05 69 1e-08 29
51.1 1 1e-08 29
51.15 1 1e-08 30
51.2 2 1e-08 31
51.25 2 1e-08 32
51.3 2 1e-08 33
51.35 4 1e-08 33
51.4 4 1e-08 34
51.45 8 1e-08 35
51.5 8 1e-08 36
51.55 16 1e-08 37
51.6 16 1e-08 37
51.65 19 1e-08 38
51.7 19 1e-08 39
51.75 20 1e-08 40
51.8 20 1e-08 40
51.85 21 1e-08 41
51.9 21 1e-08 42
51.95 22 1e-08 43
52 22 1e-08 44
52.05 23 1e-08 44
52.1 23 1e-08 45
52.15 24 1e-08 46
52.2 24 1e-08 47
52.25 24 1e-08 47
52.3 25 1e-08 48
52.35 25 1e-08 49
52.4 26 1e-08 50
52.45 26 1e-08 51
52.5 27 1e-08 51
52.55 27 1e-08 52
52.6 28 1e-08 53
52.65 28 1e-08 54
52.7 29 1e-08 54
52.75 29 1e-08 55
52.8 30 1e-08 56
52.85 30 1e-08 57
52.9 31 1e-08 58
52.95 31 1e-08 58
53 32 1e-08 59
53.05 32 1e-08 60
53.1 32 1e-08 61
53.15 33 1e-08 61
53.2 33 1e-08 62
53.25 34 1e-08 63
53.3 34 1e-08 64
53.35 35 1e-08 64
53.4 35 1e-08 65
53.45 36 1e-08 66
53.5 36 1e-08 66
53.55 37 1e-08 67
53.6 37 1e-08 68
53.65 37 1e-08 68
53.7 38 1e-08 69
53.75 38 1e-08 70
53.8 39 1e-08 70
53.85 39 1e-08 71
53.9 40 1e-08 72
53.95 40 1e-08 72
54 40 1e-08 73
54.05 41 1e-08 74
54.1 41 1e-08 74
54.15 42 1e-08 75
54.2 42 1e-08 75
54.25 42 1e-08 76
54.3 43 1e-08 77
54.35 43 1e-08 77
54.4 44 1e-08 78
54.45 44 1e-08 78
54.5 44 1e-08 79
54.55 45 1e-08 79
54.6 45 1e-08 80
54.65 45 1e-08 80
54.7 46 1e-08 81
54.75 46 1e-08 82
54.8 47 1e-08 82
54.85 47 1e-08 83
54.9 47 1e-08 83
54.95 48 1e-08 84
55 48 1e-08 84
55.05 48 1e-08 85
55.1 49 1e-08 85
55.15 49 1e-08 86
55.2 49 1e-08 86
55.25 50 1e-08 87
55.3 50 1e-08 87
55.35 51 1e-08 88
55.4 51 1e-08 88
55.45 51 1e-08 89
55.5 52 1e-08 89
55.55 52 1e-08 90
55.6 52 1e-08 90
55.65 53 1e-08 91
55.7 53 1e-08 91
55.75 53 1e-08 92
55.8 54 1e-08 92
55.85 54 1e-08 93
55.9 54 1e-08 93
55.95 55 1e-08 94
56 55 1e-08 94
56.05 55 1e-08 94
56.1 56 1e-08 95
56.15 56 1e-08 95
56.2 56 1e-08 96
56.25 57 1e-08 96
56.3 57 1e-08 97
56.35 57 1e-08 97
56.4 58 1e-08 98
56.45 58 1e-08 98
56.5 58 1e-08 98
56.55 59 1e-08 99
56.6 59 1e-08 99
56.65 59 1e-08 100
56.7 60 1e-08 100
56.75 60 1e-08 101
56.8 60 1e-08 101
56.85 60 1e-08 101
56.9 61 1e-08 102
56.95 61 1e-08 102
57 61 1e-08 103
57.05 62 1e-08 103
57.1 62 1e-08 104
57.15 62 1e-08 104
57.2 63 1e-08 104
57.25 63 1e-08 105
57.3 63 1e-08 105
57.35 64 1e-08 106
57.4 64 1e-08 106
57.45 64 1e-08 106
57.5 64 1e-08 107
57.55 65 1e-08 107
57.6 65 1e-08 108
57.65 65 1e-08 108
57.7 66 1e-08 108
57.75 66 1e-08 109
57.8 66 1e-08 109
57.85 66 1e-08 109
57.9 67 1e-08 110
57.95 67 1e-08 110
58 67 1e-08 111
58.05 68 1e-08 111
58.1 68 1e-08 111
58.15 68 1e-08 112
58.2 68 1e-08 112
58.25 69 1e-08 112
58.3 69 1e-08 113
58.35 69 1e-08 113
58.4 70 1e-08 114
58.45 70 1e-08 114
58.5 70 1e-08 114
58.55 70 1e-08 115
58.6 71 1e-08 115
58.65 71 1e-08 115
58.7 71 1e-08 116
58.75 72 1e-08 116
58.8 72 1e-08 116
58.85 72 1e-08 117
58.9 72 1e-08 117
58.95 73 1e-08 118
59 73 1e-08 118
59.05 73 1e-08 118
59.1 73 1e-08 119
59.15 74 1e-08 119
59.2 74 1e-08 119
59.25 74 1e-08 120
59.3 75 1e-08 120
59.35 75 1e-08 120
59.4 75 1e-08 121
59.45 75 1e-08 121
59.5 76 1e-08 121
59.55 76 1e-08 122
59.6 76 1e-08 122
59.65 76 1e-08 122
59.7 77 1e-08 123
59.75 77 1e-08 123
59.8 77 1e-08 123
59.85 77 1e-08 124
59.9 78 1e-08 124
59.95 78 1e-08 124
60 78 1e-08 125
60.05 78 1e-08 125
60.1 79 1e-08 125
60.15 79 1e-08 126
60.2 79 1e-08 126
60.25 74 1e-08 125
60.3 64 1e-08 125
60.35 59 1e-08 111
60.4 71 1e-08 110
60.45 70 1e-08 110
60.5 59 1e-08 110
60.55 58 1e-08 110
60.6 58 1e-08 1
60.65 58 1e-08 2
60.7 58 1e-08 2
60.75 58 1e-08 4
60.8 58 1e-08 8
60.85 58 1e-08 16
60.9 58 1e-08 29
60.95 58 1e-08 29
61 58 1e-08 30
61.05 58 1e-08 31
61.1 1 1e-08 32
61.15 1 1e-08 32
61.2 2 1e-08 33
61.25 2 1e-08 34
61.3 4 1e-08 35
61.35 4 1e-08 36
61.4 8 1e-08 36
61.45 8 1e-08 37
61.5 8 1e-08 38
61.55 16 1e-08 39
61.6 16 1e-08 39
61.65 17 1e-08 40
61.7 17 1e-08 41
61.75 18 1e-08 42
61.8 18 1e-08 42
61.85 19 1e-08 43
61.9 19 1e-08 44
61.95 20 1e-08 45
62 20 1e-08 46
62.05 20 1e-08 46
62.1 21 1e-08 47
62.15 21 1e-08 48
62.2 22 1e-08 49
62.25 22 1e-08 50
62.3 23 1e-08 50
62.35 23 1e-08 51
62.4 24 1e-08 52
62.45 24 1e-08 53
62.5 25 1e-08 53
62.55 25 1e-08 54
62.6 26 1e-08 55
62.65 26 1e-08 56
62.7 26 1e-08 57
62.75 27 1e-08 57
62.8 27 1e-08 58
62.85 28 1e-08 59
62.9 28 1e-08 60
62.95 29 1e-08 60
63 29 1e-08 61
63.05 30 1e-08 35
63.1 30 1e-08 1e-08
63.15 31 1e-08 1e-08
63.2 31 1e-08 1e-08
63.25 32 1e-08 1e-08
63.3 32 1e-08 1e-08
63.35 33 1e-08 1e-08
63.4 33 1e-08 1e-08
63.45 33 1e-08 1e-08
63.5 34 1e-08 1e-08
63.55 34 1e-08 1e-08
63.6 35 1e-08 1e-08
63.65 35 1e-08 1e-08
63.7 36 1e-08 1e-08
63.75 36 1e-08 1e-08
63.8 37 1e-08 1e-08
63.85 37 1e-08 1e-08
63.9 38 1e-08 1e-08
63.95 38 1e-08 1e-08
64 39 1e-08 1e-08
64.05 39 1e-08 1e-08
64.1 40 1e-08 1e-08
64.15 40 1e-08 1e-08
64.2 41 1e-08 1e-08
64.25 41 1e-08 1e-08
64.3 42 1e-08 1e-08
64.35 42 1e-08 1e-08
64.4 43 1e-08 1e-08
64.45 43 1e-08 1e-08
64.5 44 1e-08 1e-08
64.55 44 1e-08 1e-08
64.6 44 1e-08 1e-08
64.65 45 1e-08 1e-08
64.7 45 1e-08 1e-08
64.75 46 1e-08 1e-08
64.8 46 1e-08 1e-08
64.85 47 1e-08 1e-08
64.9 47 1e-08 1e-08
64.95 48 1e-08 1e-08
65 48 1e-08 1e-08
65.05 49 1e-08 1e-08
65.1 49 1e-08 1e-08
65.15 50 1e-08 1e-08
65.2 50 1e-08 1e-08
65.25 51 1e-08 1e-08
65.3 51 1e-08 1e-08
65.35 52 1e-08 1e-08
65.4 52 1e-08 1e-08
65.45 53 1e-08 1e-08
65.5 53 1e-08 1e-08
65.55 54 1e-08 1e-08
65.6 54 1e-08 1e-08
65.65 55 1e-08 1e-08
65.7 55 1e-08 1e-08
65.75 55 1e-08 1e-08
65.8 56 1e-08 1e-08
65.85 56 1e-08 1e-08
65.9 57 1e-08 1e-08
65.95 57 1e-08 1e-08
66 58 1e-08 1e-08
66.05 58 1e-08 1e-08
66.1 59 1e-08 1e-08
66.15 59 1e-08 1e-08
66.2 60 1e-08 1e-08
66.25 60 1e-08 1e-08
66.3 61 1e-08 1e-08
66.35 61 1e-08 1e-08
66.4 62 1e-08 1e-08
66.45 62 1e-08 1e-08
66.5 63 1e-08 1e-08
66.55 63 1e-08 1e-08
66.6 64 1e-08 1e-08
66.65 64 1e-08 1e-08
66.7 65 1e-08 1e-08
66.75 65 1e-08 1e-08
66.8 66 1e-08 1e-08
66.85 66 1e-08 1e-08
66.9 67 1e-08 1e-08
66.95 67 1e-08 1e-08
67 67 1e-08 1e-08
67.05 68 1e-08 1e-08
67.1 68 1e-08 1e-08
67.15 69 1e-08 1e-08
67.2 69 1e-08 1e-08
67.25 70 1e-08 1e-08
67.3 70 1e-08 1e-08
67.35 71 1e-08 1e-08
67.4 71 1e-08 1e-08
67.45 72 1e-08 1e-08
67.5 72 1e-08 1e-08
67.55 73 1e-08 1e-08
67.6 73 1e-08 1e-08
67.65 74 1e-08 1e-08
67.7 74 1e-08 1e-08
67.75 75 1e-08 1e-08
67.8 75 1e-08 1e-08
67.85 76 1e-08 1e-08
67.9 76 1e-08 1e-08
67.95 77 1e-08 1e-08
68 77 1e-08 1e-08
68.05 78 1e-08 1e-08
68.1 78 1e-08 1e-08
68.15 78 1e-08 1e-08
68.2 79 1e-08 1e-08
68.25 79 1e-08 1e-08
68.3 80 1e-08 1e-08
68.35 80 1e-08 1e-08
68.4 81 1e-08 1e-08
68.45 81 1e-08 1e-08
68.5 82 1e-08 1e-08
68.55 82 1e-08 1e-08
68.6 83 1e-08 1e-08
68.65 83 1e-08 1e-08
68.7 84 1e-08 1e-08
68.75 84 1e-08 1e-08
68.8 85 1e-08 1e-08
68.85 85 1e-08 1e-08
68.9 86 1e-08 1e-08
68.95 86 1e-08 1e-08
69 87 1e-08 1e-08
69.05 87 1e-08 1e-08
69.1 88 1e-08 1e-08
69.15 88 1e-08 1e-08
69.2 89 1e-08 1e-08
69.25 89 1e-08 1e-08
69.3 89 1e-08 1e-08
69.35 90 1e-08 1e-08
69.4 90 1e-08 1e-08
69.45 91 1e-08 1e-08
69.5 91 1e-08 1e-08
69.55 92 1e-08 1e-08
69.6 92 1e-08 1e-08
69.65 93 1e-08 1e-08
69.7 93 1e-08 1e-08
69.75 94 1e-08 1e-08
69.8 94 1e-08 1e-08
69.85 95 1e-08 1e-08
69.9 95 1e-08 1e-08
69.95 96 1e-08 1e-08
70 96 1e-08 1e-08
70.05 97 1e-08 1e-08
70.1 97 1e-08 1e-08
70.15 98 1e-08 1e-08
70.2 98 1e-08 1e-08
70.25 99 1e-08 1e-08
70.3 99 1e-08 1e-08
70.35 99 1e-08 1e-08
70.4 100 1e-08 1e-08
70.45 100 1e-08 1e-08
70.5 101 1e-08 1e-08
70.55 101 1e-08 1e-08
70.6 102 1e-08 1e-08
70.65 102 1e-08 1e-08
70.7 103 1e-08 1e-08
70.75 103 1e-08 1e-08
70.8 104 1e-08 1e-08
70.85 104 1e-08 1e-08
70.9 105 1e-08 1e-08
70.95 105 1e-08 1e-08
71 106 1e-08 1e-08
71.05 106 1e-08 1e-08
71.1 107 1e-08 1e-08
71.15 107 1e-08 1e-08
71.2 108 1e-08 1e-08
71.25 108 1e-08 1e-08
71.3 109 1e-08 1e-08
71.35 109 1e-08 1e-08
71.4 110 1e-08 1e-08
71.45 110 1e-08 1e-08
71.5 111 1e-08 1e-08
71.55 111 1e-08 1e-08
71.6 111 1e-08 1e-08
71.65 112 1e-08 1e-08
71.7 112 1e-08 1e-08
71.75 113 1e-08 1e-08
71.8 113 1e-08 1e-08
71.85 114 1e-08 1e-08
71.9 114 1e-08 1e-08
71.95 115 1e-08 1e-08
72 115 1e-08 1e-08
72.05 116 1e-08 1e-08
72.1 116 1e-08 1e-08
72.15 117 1e-08 1e-08
72.2 117 1e-08 1e-08
72.25 118 1e-08 1e-08
72.3 118 1e-08 1e-08
72.35 119 1e-08 1e-08
72.4 119 1e-08 1e-08
72.45 120 1e-08 1e-08
72.5 120 1e-08 1e-08
72.55 121 1e-08 1e-08
72.6 121 1e-08 1e-08
72.65 122 1e-08 1e-08
72.7 122 1e-08 1e-08
72.75 122 1e-08 1e-08
72.8 123 1e-08 1e-08
72.85 123 1e-08 1e-08
72.9 124 1e-08 1e-08
72.95 124 1e-08 1e-08
73 125 1e-08 1e-08
73.05 125 1e-08 1e-08
73.1 126 1e-08 1e-08
73.15 126 1e-08 1e-08
73.2 127 1e-08 1e-08
73.25 127 1e-08 1e-08
73.3 128 1e-08 1e-08
73.35 128 1e-08 1e-08
73.4 129 1e-08 1e-08
73.45 129 1e-08 1e-08
73.5 130 1e-08 1e-08
73.55 130 1e-08 1e-08
73.6 131 1e-08 1e-08
73.65 131 1e-08 1e-08
73.7 132 1e-08 1e-08
73.75 132 1e-08 1e-08
73.8 132 1e-08 1e-08
73.85 133 1e-08 1e-08
73.9 133 1e-08 1e-08
73.95 134 1e-08 1e-08
74 134 1e-08 1e-08
74.05 135 1e-08 1e-08
74.1 135 1e-08 1e-08
74.15 136 1e-08 1e-08
74.2 136 1e-08 1e-08
74.25 137 1e-08 1e-08
74.3 137 1e-08 1e-08
74.35 137 1e-08 1e-08
74.4 138 1e-08 1e-08
74.45 138 1e-08 1e-08
74.5 139 1e-08 1e-08
74.55 139 1e-08 1e-08
74.6 140 1e-08 1e-08
74.65 140 1e-08 1e-08
74.7 141 1e-08 1e-08
74.75 141 1e-08 1e-08
74.8 141 1e-08 1e-08
74.85 111 1e-08 1e-08
74.9 50 1e-08 1e-08
46.5 49 1e-08 132
46.55 49 1e-08 133
46.6 49 1e-08 133
46.65 50 1e-08 134
46.7 50 1e-08 134
46.75 50 1e-08 134
46.8 50 1e-08 135
46.85 51 1e-08 135
46.9 51 1e-08 135
46.95 51 1e-08 136
47 52 1e-08 136
47.05 52 1e-08 136
47.1 52 1e-08 137
47.15 52 1e-08 137
47.2 53 1e-08 137
47.25 53 1e-08 138
47.3 53 1e-08 138
47.35 53 1e-08 138
47.4 54 1e-08 139
47.45 54 1e-08 139
47.5 54 1e-08 139
47.55 54 1e-08 140
47.6 55 1e-08 140
47.65 55 1e-08 140
47.7 55 1e-08 141
47.75 56 1e-08 141
47.8 56 1e-08 141
47.85 56 1e-08 142
47.9 56 1e-08 142
47.95 57 1e-08 142
48 57 1e-08 143
48.05 57 1e-08 143
48.1 57 1e-08 143
48.15 58 1e-08 144
48.2 58 1e-08 144
48.25 58 1e-08 144
48.3 58 1e-08 145
48.35 59 1e-08 145
48.4 59 1e-08 145
48.45 59 1e-08 146
48.5 59 1e-08 146
48.55 60 1e-08 146
48.6 60 1e-08 147
48.65 60 1e-08 147
48.7 60 1e-08 147
48.75 61 1e-08 148
48.8 61 1e-08 148
48.85 61 1e-08 148
48.9 61 1e-08 148
48.95 62 1e-08 149
49 62 1e-08 149
49.05 62 1e-08 149
49.1 62 1e-08 150
49.15 63 1e-08 150
49.2 63 1e-08 150
49.25 63 1e-08 151
49.3 63 1e-08 151
49.35 64 1e-08 1
49.4 64 1e-08 1
49.45 64 1e-08 1
49.5 64 1e-08 2
49.55 65 1e-08 3
49.6 65 1e-08 4
49.65 66 1e-08 8
49.7 66 1e-08 16
49.75 67 1e-08 29
49.8 67 1e-08 33
49.85 68 1e-08 64
49.9 68 1e-08 77
49.95 68 1e-08 77
50 69 1e-08 78
50.05 69 1e-08 78
50.1 69 1e-08 79
50.15 70 1e-08 79
50.2 70 1e-08 80
50.25 70 1e-08 80
50.3 71 1e-08 81
50.35 71 1e-08 81
50.4 71 1e-08 81
50.45 72 1e-08 82
50.5 72 1e-08 82
50.55 72 1e-08 83
50.6 73 1e-08 83
50.65 73 1e-08 84
50.7 73 1e-08 84
50.75 74 1e-08 85
50.8 74 1e-08 85
50.85 74 1e-08 86
50.9 75 1e-08 86
50.95 75 1e-08 86
51 75 1e-08 87
51.05 76 1e-08 87
51.1 76 1e-08 88
51.15 76 1e-08 88
51.2 77 1e-08 89
51.25 77 1e-08 89
51.3 77 1e-08 89
51.35 78 1e-08 90
51.4 78 1e-08 90
51.45 78 1e-08 91
51.5 78 1e-08 91
51.55 79 1e-08 91
51.6 79 1e-08 92
51.65 79 1e-08 92
51.7 80 1e-08 93
51.75 80 1e-08 93
51.8 80 1e-08 93
51.85 81 1e-08 94
51.9 81 1e-08 94
51.95 81 1e-08 95
52 81 1e-08 95
52.05 82 1e-08 95
52.1 82 1e-08 96
52.15 82 1e-08 96
52.2 83 1e-08 97
52.25 83 1e-08 97
52.3 83 1e-08 97
52.35 84 1e-08 98
52.4 84 1e-08 98
52.45 84 1e-08 99
52.5 84 1e-08 99
52.55 85 1e-08 99
52.6 85 1e-08 100
52.65 85 1e-08 100
52.7 86 1e-08 100
52.75 86 1e-08 101
52.8 86 1e-08 101
52.85 86 1e-08 101
52.9 87 1e-08 102
52.95 87 1e-08 102
53 87 1e-08 103
53.05 87 1e-08 103
53.1 88 1e-08 103
53.15 88 1e-08 104
53.2 88 1e-08 104
53.25 89 1e-08 104
53.3 89 1e-08 105
53.35 89 1e-08 105
53.4 89 1e-08 105
53.45 90 1e-08 106
53.5 90 1e-08 106
53.55 90 1e-08 106
53.6 91 1e-08 107
53.65 91 1e-08 107
53.7 91 1e-08 108
53.75 91 1e-08 108
53.8 92 1e-08 108
53.85 92 1e-08 109
53.9 92 1e-08 109
53.95 92 1e-08 109
54 93 1e-08 110
54.05 93 1e-08 110
54.1 93 1e-08 110
54.15 93 1e-08 111
54.2 94 1e-08 111
54.25 94 1e-08 111
54.3 94 1e-08 112
54.35 94 1e-08 112
54.4 95 1e-08 112
54.45 95 1e-08 113
54.5 95 1e-08 113
54.55 95 1e-08 113
54.6 96 1e-08 114
54.65 96 1e-08 114
54.7 96 1e-08 114
54.75 97 1e-08 114
54.8 97 1e-08 115
54.85 97 1e-08 115
54.9 97 1e-08 115
54.95 98 1e-08 116
55 98 1e-08 116
55.05 98 1e-08 116
55.1 98 1e-08 117
55.15 98 1e-08 117
55.2 99 1e-08 1
55.25 94 1e-08 1
55.3 79 1e-08 2
55.35 64 1e-08 2
55.4 72 1e-08 4
55.45 74 1e-08 8
55.5 66 1e-08 16
55.55 63 1e-08 27
55.6 63 1e-08 32
55.65 63 1e-08 60
55.7 63 1e-08 60
55.75 63 1e-08 61
55.8 63 1e-08 62
55.85 63 1e-08 63
55.9 63 1e-08 64
55.95 63 1e-08 64
56 63 1e-08 65
56.05 1 1e-08 66
56.1 1 1e-08 67
56.15 2 1e-08 68
56.2 2 1e-08 68
56.25 4 1e-08 69
56.3 4 1e-08 70
56.35 6 1e-08 71
56.4 8 1e-08 71
56.45 8 1e-08 72
56.5 16 1e-08 73
56.55 16 1e-08 74
56.6 17 1e-08 74
56.65 17 1e-08 75
56.7 18 1e-08 76
56.75 18 1e-08 77
56.8 19 1e-08 77
56.85 19 1e-08 78
56.9 20 1e-08 79
56.95 20 1e-08 79
57 21 1e-08 80
57.05 21 1e-08 81
57.1 21 1e-08 81
57.15 22 1e-08 82
57.2 22 1e-08 82
57.25 23 1e-08 83
57.3 23 1e-08 72
57.35 24 1e-08 23
57.4 24 1e-08 1e-08
57.45 25 1e-08 1e-08
57.5 25 1e-08 1e-08
57.55 26 1e-08 1e-08
57.6 26 1e-08 1e-08
57.65 27 1e-08 1e-08
57.7 27 1e-08 1e-08
57.75 27 1e-08 1e-08
57.8 28 1e-08 1e-08
57.85 28 1e-08 1e-08
57.9 29 1e-08 1e-08
57.95 29 1e-08 1e-08
58 30 1e-08 1e-08
58.05 30 1e-08 1e-08
58.1 31 1e-08 1e-08
58.15 31 1e-08 1e-08
58.2 32 1e-08 1e-08
58.25 32 1e-08 1e-08
58.3 33 1e-08 1e-08
58.35 33 1e-08 1e-08
58.4 34 1e-08 1e-08
58.45 34 1e-08 1e-08
58.5 35 1e-08 1e-08
58.55 35 1e-08 1e-08
58.6 36 1e-08 1e-08
58.65 36 1e-08 1e-08
58.7 37 1e-08 1e-08
58.75 37 1e-08 1e-08
58.8 38 1e-08 1e-08
58.85 38 1e-08 1e-08
58.9 38 1e-08 1e-08
58.95 39 1e-08 1e-08
59 39 1e-08 1e-08
59.05 40 1e-08 1e-08
59.1 40 1e-08 1e-08
59.15 41 1e-08 1e-08
59.2 41 1e-08 1e-08
59.25 42 1e-08 1e-08
59.3 42 1e-08 1e-08
59.35 43 1e-08 1e-08
59.4 43 1e-08 1e-08
59.45 44 1e-08 1e-08
59.5 44 1e-08 1e-08
59.55 45 1e-08 1e-08
59.6 45 1e-08 1e-08
59.65 46 1e-08 1e-08
59.7 46 1e-08 1e-08
59.75 47 1e-08 1e-08
59.8 47 1e-08 1e-08
59.85 48 1e-08 1e-08
59.9 48 1e-08 1e-08
59.95 49 1e-08 1e-08
60 49 1e-08 1e-08
60.05 49 1e-08 1e-08
60.1 50 1e-08 1e-08
60.15 50 1e-08 1e-08
60.2 51 1e-08 1e-08
60.25 51 1e-08 1e-08
60.3 52 1e-08 1e-08
60.35 52 1e-08 1e-08
60.4 53 1e-08 1e-08
60.45 53 1e-08 1e-08
60.5 54 1e-08 1e-08
60.55 54 1e-08 1e-08
60.6 55 1e-08 1e-08
60.65 55 1e-08 1e-08
60.7 56 1e-08 1e-08
60.75 56 1e-08 1e-08
60.8 57 1e-08 1e-08
60.85 57 1e-08 1e-08
60.9 58 1e-08 1e-08
60.95 58 1e-08 1e-08
61 59 1e-08 1e-08
61.05 59 1e-08 1e-08
61.1 60 1e-08 1e-08
61.15 60 1e-08 1e-08
61.2 60 1e-08 1e-08
61.25 61 1e-08 1e-08
61.3 61 1e-08 1e-08
61.35 62 1e-08 1e-08
61.4 62 1e-08 1e-08
61.45 63 1e-08 1e-08
61.5 63 1e-08 1e-08
61.55 64 1e-08 1e-08
61.6 64 1e-08 1e-08
61.65 65 1e-08 1e-08
61.7 65 1e-08 1e-08
61.75 66 1e-08 1e-08
61.8 66 1e-08 1e-08
61.85 67 1e-08 1e-08
61.9 67 1e-08 1e-08
61.95 68 1e-08 1e-08
62 68 1e-08 1e-08
62.05 69 1e-08 1e-08
62.1 69 1e-08 1e-08
62.15 70 1e-08 1e-08
62.2 70 1e-08 1e-08
62.25 71 1e-08 1e-08
62.3 71 1e-08 1e-08
62.35 71 1e-08 1e-08
62.4 72 1e-08 1e-08
62.45 72 1e-08 1e-08
62.5 73 1e-08 1e-08
62.55 73 1e-08 1e-08
62.6 74 1e-08 1e-08
62.65 74 1e-08 1e-08
62.7 75 1e-08 1e-08
62.75 75 1e-08 1e-08
62.8 76 1e-08 1e-08
62.85 76 1e-08 1e-08
62.9 77 1e-08 1e-08
62.95 77 1e-08 1e-08
63 78 1e-08 1e-08
63.05 78 1e-08 1e-08
63.1 79 1e-08 1e-08
63.15 79 1e-08 1e-08
63.2 80 1e-08 1e-08
63.25 80 1e-08 1e-08
63.3 81 1e-08 1e-08
63.35 81 1e-08 1e-08
63.4 82 1e-08 1e-08
63.45 82 1e-08 1e-08
63.5 82 1e-08 1e-08
63.55 83 1e-08 1e-08
63.6 83 1e-08 1e-08
63.65 84 1e-08 1e-08
63.7 84 1e-08 1e-08
63.75 85 1e-08 1e-08
63.8 85 1e-08 1e-08
63.85 86 1e-08 1e-08
63.9 86 1e-08 1e-08
63.95 87 1e-08 1e-08
64 87 1e-08 1e-08
64.05 88 1e-08 1e-08
64.1 88 1e-08 1e-08
64.15 89 1e-08 1e-08
64.2 89 1e-08 1e-08
64.25 90 1e-08 1e-08
64.3 90 1e-08 1e-08
64.35 91 1e-08 1e-08
64.4 91 1e-08 1e-08
64.45 92 1e-08 1e-08
64.5 92 1e-08 1e-08
64.55 93 1e-08 1e-08
64.6 93 1e-08 1e-08
64.65 93 1e-08 1e-08
64.7 94 1e-08 1e-08
64.75 94 1e-08 1e-08
64.8 95 1e-08 1e-08
64.85 95 1e-08 1e-08
64.9 96 1e-08 1e-08
64.95 96 1e-08 1e-08
65 97 1e-08 1e-08
65.05 97 1e-08 1e-08
65.1 98 1e-08 1e-08
65.15 98 1e-08 1e-08
65.2 99 1e-08 1e-08
65.25 99 1e-08 1e-08
65.3 100 1e-08 1e-08
65.35 100 1e-08 1e-08
65.4 101 1e-08 1e-08
65.45 101 1e-08 1e-08
65.5 102 1e-08 1e-08
65.55 102 1e-08 1e-08
65.6 103 1e-08 1e-08
65.65 103 1e-08 1e-08
65.7 104 1e-08 1e-08
65.75 104 1e-08 1e-08
65.8 104 1e-08 1e-08
65.85 105 1e-08 1e-08
65.9 105 1e-08 1e-08
65.95 106 1e-08 1e-08
66 106 1e-08 1e-08
66.05 107 1e-08 1e-08
66.1 107 1e-08 1e-08
66.15 108 1e-08 1e-08
66.2 108 1e-08 1e-08
66.25 109 1e-08 1e-08
66.3 109 1e-08 1e-08
66.35 110 1e-08 1e-08
66.4 110 1e-08 1e-08
66.45 111 1e-08 1e-08
66.5 111 1e-08 1e-08
66.55 112 1e-08 1e-08
66.6 112 1e-08 1e-08
66.65 113 1e-08 1e-08
66.7 113 1e-08 1e-08
66.75 114 1e-08 1e-08
66.8 114 1e-08 1e-08
66.85 115 1e-08 1e-08
66.9 115 1e-08 1e-08
66.95 115 1e-08 1e-08
67 116 1e-08 1e-08
67.05 116 1e-08 1e-08
67.1 117 1e-08 1e-08
67.15 117 1e-08 1e-08
67.2 118 1e-08 1e-08
67.25 118 1e-08 1e-08
67.3 119 1e-08 1e-08
67.35 119 1e-08 1e-08
67.4 120 1e-08 1e-08
67.45 120 1e-08 1e-08
67.5 121 1e-08 1e-08
67.55 121 1e-08 1e-08
67.6 122 1e-08 1e-08
67.65 122 1e-08 1e-08
67.7 123 1e-08 1e-08
67.75 123 1e-08 1e-08
67.8 124 1e-08 1e-08
67.85 124 1e-08 1e-08
67.9 125 1e-08 1e-08
67.95 125 1e-08 1e-08
68 126 1e-08 1e-08
68.05 126 1e-08 1e-08
68.1 126 1e-08 1e-08
68.15 127 1e-08 1e-08
68.2 127 1e-08 1e-08
68.25 128 1e-08 1e-08
68.3 128 1e-08 1e-08
68.35 129 1e-08 1e-08
68.4 129 1e-08 1e-08
68.45 130 1e-08 1e-08
68.5 130 1e-08 1e-08
68.55 131 1e-08 1e-08
68.6 131 1e-08 1e-08
68.65 132 1e-08 1e-08
68.7 132 1e-08 1e-08
68.75 133 1e-08 1e-08
68.8 133 1e-08 1e-08
68.85 134 1e-08 1e-08
68.9 134 1e-08 1e-08
68.95 134 1e-08 1e-08
69 135 1e-08 1e-08
69.05 135 1e-08 1e-08
69.1 136 1e-08 1e-08
69.15 136 1e-08 1e-08
69.2 137 1e-08 1e-08
69.25 137 1e-08 1e-08
69.3 138 1e-08 1e-08
69.35 138 1e-08 1e-08
69.4 138 1e-08 1e-08
69.45 139 1e-08 1e-08
69.5 139 1e-08 1e-08
69.55 140 1e-08 1e-08
69.6 140 1e-08 1e-08
69.65 141 1e-08 1e-08
69.7 141 1e-08 1e-08
69.75 142 1e-08 1e-08
69.8 142 1e-08 1e-08
69.85 142 1e-08 1e-08
69.9 143 1e-08 1e-08
69.95 143 1e-08 1e-08
70 144 1e-08 1e-08
70.05 144 1e-08 1e-08
70.1 145 1e-08 1e-08
70.15 145 1e-08 1e-08
70.2 145 1e-08 1e-08
70.25 146 1e-08 1e-08
70.3 146 1e-08 1e-08
70.35 147 1e-08 1e-08
70.4 147 1e-08 1e-08
70.45 147 1e-08 1e-08
70.5 148 1e-08 1e-08
70.55 148 1e-08 1e-08
70.6 149 1e-08 1e-08
70.65 149 1e-08 1e-08
70.7 150 1e-08 1e-08
70.75 150 1e-08 1e-08
70.8 150 1e-08 1e-08
70.85 151 1e-08 1e-08
70.9 151 1e-08 1e-08
70.95 152 1e-08 1e-08
71 152 1e-08 1e-08
71.05 152 1e-08 1e-08
71.1 153 1e-08 1e-08
71.15 153 1e-08 1e-08
71.2 154 1e-08 1e-08
71.25 135 1e-08 1e-08
71.3 74 1e-08 1e-08
71.35 13 1e-08 1e-08
