0 0 0 0
0.05 0 0 0
0.1 0 0 0
0.15 0 0 0
0.2 0 0 0
0.25 0 0 0
0.3 0 0 0
0.35 0 0 0
0.4 0 0 0
0.45 0 0 0
0.5 0 0 0
0.55 0 0 0
0.6 0 0 0
0.65 0.01024 0 0
0.7 0 0 0
0.75 0.03072 0 0
0.8 0 0 0
0.85 0.06144 0 0
0.9 0 0 0
0.95 0.12288 0 0
1 0 0 0
1.05 0.24576 0 0
1.1 0 0 0
1.15 0.32768 0 0
1.2 0.16384 0 0
1.25 0.27648 0 0
1.3 0.62464 0 0
1.35 0.3072 0 0
1.4 0.62464 0 0
1.45 0.62464 0 0
1.5 0.62464 0 0
1.55 0.62464 0 0
1.6 0.62464 0 0
1.65 0.62464 0 0
1.7 0.62464 0 0
1.75 0.62464 0 0
1.8 0.62464 0 0
1.85 0.62464 0 0
1.9 0.62464 0 0
1.95 0.62464 0 0
2 0.62464 0 0
2.05 0.62464 0 0
2.1 0.62464 0 0
2.15 0.62464 0 0
2.2 0.62464 0 0
2.25 0.63488 0 0
2.3 0.62464 0 0
2.35 0.62464 0 0
2.4 0.62464 0 0
2.45 0.62464 0 0
2.5 0.62464 0 0
2.55 0.57344 0 0
2.6 0 0 0
2.65 0.01024 0 0
2.7 0.01024 0 0
2.75 0 0 0
2.8 0.04096 0 0
2.85 0 0 0
2.9 0.08192 0 0
2.95 0 0 0
3 0.16384 0 0
3.05 0 0 0
3.1 0.32768 0 0
3.15 0 0 0
3.2 0.37888 0 0
3.25 0.27648 0 0
3.3 0.32768 0 0
3.35 0.62464 0 0
3.4 0.62464 0 0
3.45 0.62464 0 0
3.5 0.62464 0 0
3.55 0.62464 0 0
3.6 0.62464 0 0
3.65 0.62464 0 0
3.7 0.62464 0 0
3.75 0.62464 0 0
3.8 0.62464 0 0
3.85 0.62464 0 0
3.9 0.62464 0 0
3.95 0.62464 0 0
4 0.63488 0 0
4.05 0.01024 0 0
4.1 0.19456 0 0
4.15 0.0512 0 0
4.2 0 0 0
4.25 0.01024 0 0
4.3 0 0 0
4.35 0.02048 0 0
4.4 0 0 0
4.45 0.04096 0 0
4.5 0 0 0
4.55 0.08192 0 0
4.6 0 0 0
4.65 0.16384 0 0
4.7 0 0 0
4.75 0.11264 0 0
4.8 0.21504 0 0
4.85 0.06144 0 0
4.9 0.59392 0 0
4.95 0.01024 0 0
5 0.62464 0 0
5.05 0.62464 0 0
5.1 0.59392 0 0
5.15 0.6144 0 0
5.2 0.62464 0 0
5.25 0.62464 0 0
5.3 0.62464 0 0
5.35 0.62464 0 0
5.4 0.62464 0 0
5.45 0.62464 0 0
5.5 0.62464 0 0
5.55 0.62464 0 0
5.6 0.62464 0 0
5.65 0.62464 0 0
5.7 0.62464 0 0
5.75 0.62464 0 0
5.8 0.62464 0 0
5.85 0.63488 0 0
5.9 0.62464 0 0
5.95 0.62464 0 0
6 0.62464 0 0
6.05 0.62464 0 0
6.1 0.62464 0 0
6.15 0.62464 0 0
6.2 0.62464 0 0
6.25 0.62464 0 0
6.3 0.62464 0 0
6.35 0.62464 0 0
6.4 0.62464 0 0
6.45 0.62464 0 0
6.5 0.62464 0 0
6.55 0.62464 0 0
6.6 0.62464 0 0
6.65 0.62464 0 0
6.7 0.62464 0 0
6.75 0.62464 0 0
6.8 0.62464 0 0
6.85 0.62464 0 0
6.9 0.62464 0 0
6.95 0.62464 0 0
7 0.62464 0 0
7.05 0.62464 0 0
7.1 0.62464 0 0
7.15 0.62464 0 0
7.2 0.62464 0 0
7.25 0.63488 0 0
7.3 0.62464 0 0
7.35 0.62464 0 0
7.4 0.62464 0 0
7.45 0.62464 0 0
7.5 0.62464 0 0
7.55 0.62464 0 0
7.6 0.62464 0 0
7.65 0.62464 0 0
7.7 0.62464 0 0
7.75 0.62464 0 0
7.8 0.62464 0 0
7.85 0.62464 0 0
7.9 0.62464 0 0
7.95 0.62464 0 0
8 0.62464 0 0
8.05 0.62464 0 0
8.1 0.62464 0 0
8.15 0.62464 0 0
8.2 0.62464 0 0
8.25 0.62464 0 0
8.3 0.62464 0 0
8.35 0.62464 0 0
8.4 0.62464 0 0
8.45 0.62464 0 0
8.5 0.62464 0 0
8.55 0.62464 0 0
8.6 0.62464 0 0
8.65 0.63488 0 0
8.7 0.62464 0 0
8.75 0.62464 0 0
8.8 0.62464 0 0
8.85 0.62464 0 0
8.9 0.62464 0 0
8.95 0.62464 0 0
9 0.62464 0 0
9.05 0.62464 0 0
9.1 0.62464 0 0
9.15 0.62464 0 0
9.2 0.62464 0 0
9.25 0.62464 0 0
9.3 0.62464 0 0
9.35 0.62464 0 0
9.4 0.62464 0 0
9.45 0.62464 0 0
9.5 0.62464 0 0
9.55 0.62464 0 0
9.6 0.62464 0 0
9.65 0.62464 0 0
9.7 0.62464 0 0
9.75 0.62464 0 0
9.8 0.62464 0 0
9.85 0.62464 0 0
9.9 0.62464 0 0
9.95 0.62464 0 0
10 0.62464 0 0
10.05 0.62464 0 0
10.1 0.6144 0 0
10.15 0.62464 0.01024 0
10.2 0.60416 0 0
10.25 0.62464 0.02048 0
10.3 0.59392 0.01024 0
10.35 0.62464 0 0
10.4 0.62464 0.06144 0
10.45 0.5632 0 0
10.5 0.62464 0 0
10.55 0.58368 0.12288 0
10.6 0.54272 0 0
10.65 0.62464 0.08192 0
10.7 0.50176 0.16384 0
10.75 0.50176 0 0
10.8 0.62464 0.1024 0
10.85 0.4608 0.13312 0
10.9 0.55296 0 0
10.95 0.62464 0.13312 0
11 0.44032 0.1024 0
11.05 0.57344 0 0
11.1 0.62464 0.16384 0
11.15 0.41984 0.07168 0
11.2 0.59392 0 0
11.25 0.62464 0.18432 0
11.3 0.38912 0.0512 0
11.35 0.62464 0.3072 0
11.4 0.21504 0.16384 0
11.45 0.5632 0.27648 0
11.5 0.29696 0.34816 0
11.55 0.22528 0.62464 0
11.6 0 0.63488 0
11.65 0 0.0512 0
11.7 0 0.02048 0
11.75 0 0.04096 0
11.8 0 0.08192 0
11.85 0 0 0
11.9 0 0.16384 0
11.95 0 0.32768 0
12 0 0.27648 0
12.05 0 0.50176 0
12.1 0 0.62464 0
12.15 0 0.62464 0
12.2 0 0.6144 0
12.25 0.01024 0.62464 0
12.3 0 0.62464 0
12.35 0 0.6144 0
12.4 0.02048 0.62464 0
12.45 0 0.62464 0
12.5 0 0.58368 0
12.55 0.04096 0.62464 0
12.6 0 0.62464 0
12.65 0 0.54272 0
12.7 0.08192 0.62464 0
12.75 0 0.62464 0
12.8 0 0.4608 0
12.85 0.16384 0.62464 0
12.9 0 0.62464 0
12.95 0 0.3584 0
13 0.31744 0.5632 0
13.05 0.01024 0.62464 0
13.1 0 0.32768 0
13.15 0.34816 0.36864 0
13.2 0.2048 0.62464 0
13.25 0 0.4608 0
13.3 0.21504 0.36864 0
13.35 0.24576 0.48128 0
13.4 0.1024 0.60416 0
13.45 0.07168 0.34816 0
13.5 0.256 0.43008 0
13.55 0.18432 0.54272 0
13.6 0.06144 0.47104 0
13.65 0.19456 0.4096 0
13.7 0.2048 0.47104 0
13.75 0.14336 0.57344 0
13.8 0.08192 0.38912 0
13.85 0.23552 0.44032 0
13.9 0.16384 0.50176 0
13.95 0.12288 0.48128 0
14 0.16384 0.41984 0
14.05 0.19456 0.47104 0
14.1 0.16384 0.49152 0
14.15 0.11264 0.45056 0
14.2 0.18432 0.44032 0
14.25 0.17408 0.4608 0
14.3 0.16384 0.512 0
14.35 0.11264 0.43008 0
14.4 0.2048 0.45056 0
14.45 0.16384 0.47104 0
14.5 0.14336 0.49152 0
14.55 0.1536 0.43008 0
14.6 0.18432 0.4608 0
14.65 0.1536 0.47104 0
14.7 0.16384 0.47104 0
14.75 0.16384 0.45056 0
14.8 0.17408 0.4608 0
14.85 0.14336 0.4608 0
14.9 0.17408 0.4608 0
14.95 0.17408 0.45056 0
15 0.1536 0.47104 0
15.05 0.16384 0.4608 0
15.1 0.17408 0.45056 0
15.15 0.16384 0.45056 0
15.2 0.16384 0.4608 0
15.25 0.1536 0.44032 0
15.3 0.17408 0.4608 0
15.35 0.17408 0.45056 0
15.4 0.1536 0.47104 0
15.45 0.16384 0.44032 0
15.5 0.18432 0.4608 0
15.55 0.17408 0.4608 0
15.6 0.1536 0.4608 0
15.65 0.16384 0.44032 0
15.7 0.18432 0.4608 0
15.75 0.16384 0.4608 0
15.8 0.17408 0.4608 0
15.85 0.16384 0.44032 0
15.9 0.18432 0.4608 0
15.95 0.16384 0.4608 0
16 0.17408 0.45056 0
16.05 0.1536 0.256 0
16.1 0.37888 0.4608 0
16.15 0.17408 0.17408 0
16.2 0.512 0 0
16.25 0.18432 0 0
16.3 0.48128 0 0
16.35 0.22528 0 0
16.4 0.45056 0 0
16.45 0.26624 0 0
16.5 0.41984 0 0
16.55 0.31744 0 0
16.6 0.37888 0 0
16.65 0.3584 0 0
16.7 0.34816 0 0
16.75 0.41984 0.01024 0
16.8 0.3072 0.02048 0
16.85 0.4608 0 0
16.9 0.26624 0.04096 0
16.95 0.50176 0.08192 0
17 0.23552 0.09216 0
17.05 0.43008 0.08192 0
17.1 0.28672 0.31744 0
17.15 0.38912 0.21504 0
17.2 0.34816 0.3072 0
17.25 0.34816 0.256 0
17.3 0.37888 0.256 0
17.35 0.33792 0.27648 0
17.4 0.34816 0.29696 0
17.45 0.3584 0.256 0
17.5 0.3584 0.26624 0
17.55 0.32768 0.29696 0
17.6 0.34816 0.27648 0
17.65 0.34816 0.26624 0
17.7 0.36864 0.26624 0
17.75 0.33792 0.28672 0
17.8 0.31744 0.29696 0
17.85 0.34816 0.28672 0
17.9 0.34816 0.27648 0
17.95 0.36864 0.26624 0
18 0.33792 0.27648 0
18.05 0.32768 0.28672 0
18.1 0.32768 0.3072 0
18.15 0.33792 0.29696 0
18.2 0.33792 0.28672 0
18.25 0.33792 0.27648 0
18.3 0.3584 0.28672 0
18.35 0.33792 0.27648 0
18.4 0.3584 0.28672 0
18.45 0.31744 0.27648 0
18.5 0.32768 0.28672 0
18.55 0.33792 0.3072 0
18.6 0.32768 0.29696 0
18.65 0.31744 0.29696 0
18.7 0.34816 0.29696 0
18.75 0.31744 0.29696 0
18.8 0.34816 0.28672 0
18.85 0.31744 0.29696 0
18.9 0.34816 0.28672 0
18.95 0.31744 0.29696 0
19 0.34816 0.29696 0
19.05 0.31744 0.28672 0
19.1 0.33792 0.3072 0
19.15 0.32768 0.28672 0
19.2 0.32768 0.29696 0
19.25 0.33792 0.28672 0
19.3 0.31744 0.3072 0
19.35 0.32768 0.28672 0
19.4 0.33792 0.29696 0
19.45 0.31744 0.29696 0
19.5 0.33792 0.29696 0
19.55 0.32768 0.3072 0
19.6 0.32768 0.27648 0
19.65 0.32768 0.29696 0
19.7 0.32768 0.31744 0
19.75 0.32768 0.29696 0
19.8 0.32768 0.28672 0
19.85 0.32768 0.3072 0
19.9 0.31744 0.3072 0
19.95 0.32768 0.3072 0
20 0.32768 0.29696 0
20.05 0.32768 0.29696 0
20.1 0.31744 0.29696 0.01024
20.15 0.31744 0.27648 0.03072
20.2 0.3072 0.3072 0.06144
20.25 0.31744 0.29696 0
20.3 0.33792 0.3072 0.12288
20.35 0.27648 0.3072 0.24576
20.4 0.34816 0.3072 0.21504
20.45 0.19456 0.29696 0.29696
20.5 0.31744 0.3072 0.44032
20.55 0.18432 0.34816 0.4608
20.6 0.22528 0.3072 0.38912
20.65 0.17408 0.39936 0.4608
20.7 0.14336 0.37888 0.49152
20.75 0.1024 0.44032 0.52224
20.8 0.07168 0.4608 0.57344
20.85 0.07168 0.57344 0.58368
20.9 0.02048 0.62464 0.60416
20.95 0.03072 0.62464 0.58368
21 0.01024 0.62464 0.62464
21.05 0 0.62464 0.62464
21.1 0 0.62464 0.62464
21.15 0 0.62464 0.62464
21.2 0 0.62464 0.62464
21.25 0 0.62464 0.62464
21.3 0 0.62464 0.62464
21.35 0 0.62464 0.62464
21.4 0 0.62464 0.512
21.45 0 0.63488 0
21.5 0 0.6144 0
21.55 0.01024 0.62464 0
21.6 0 0.62464 0
21.65 0.01024 0.60416 0
21.7 0.01024 0.62464 0
21.75 0 0.58368 0
21.8 0.04096 0.62464 0
21.85 0 0.54272 0
21.9 0.08192 0.62464 0
21.95 0 0.62464 0
22 0.03072 0.4608 0
22.05 0.13312 0.62464 0
22.1 0 0.45056 0
22.15 0.22528 0.52224 0
22.2 0.0512 0.58368 0
22.25 0.07168 0.41984 0
22.3 0.2048 0.58368 0
22.35 0.01024 0.50176 0
22.4 0.14336 0.4608 0
22.45 0.1536 0.6144 0
22.5 0.02048 0.4608 0
22.55 0.16384 0.48128 0.01024
22.6 0.12288 0.57344 0
22.65 0.07168 0.48128 0.02048
22.7 0.14336 0.50176 0.03072
22.75 0.1024 0.54272 0.04096
22.8 0.11264 0.49152 0.0512
22.85 0.14336 0.512 0
22.9 0.07168 0.52224 0.06144
22.95 0.14336 0.48128 0.07168
23 0.13312 0.54272 0.08192
23.05 0.07168 0.50176 0.04096
23.1 0.14336 0.47104 0.0512
23.15 0.13312 0.55296 0.1024
23.2 0.08192 0.48128 0.11264
23.25 0.14336 0.48128 0.12288
23.3 0.13312 0.54272 0.03072
23.35 0.09216 0.49152 0.1024
23.4 0.13312 0.48128 0.14336
23.45 0.14336 0.53248 0.1536
23.5 0.09216 0.50176 0.16384
23.55 0.14336 0.47104 0.03072
23.6 0.13312 0.53248 0.14336
23.65 0.1024 0.50176 0.18432
23.7 0.13312 0.48128 0.19456
23.75 0.14336 0.50176 0.14336
23.8 0.09216 0.512 0.1024
23.85 0.12288 0.49152 0.17408
23.9 0.14336 0.48128 0.22528
23.95 0.12288 0.512 0.23552
24 0.12288 0.49152 0.1536
24.05 0.13312 0.48128 0.13312
24.1 0.13312 0.50176 0.21504
24.15 0.12288 0.50176 0.26624
24.2 0.13312 0.48128 0.256
24.25 0.1536 0.49152 0.17408
24.3 0.12288 0.49152 0.17408
24.35 0.12288 0.49152 0.256
24.4 0.14336 0.512 0.3072
24.45 0.13312 0.49152 0.27648
24.5 0.12288 0.48128 0.18432
24.55 0.16384 0.49152 0.22528
24.6 0.1024 0.50176 0.29696
24.65 0.13312 0.49152 0.34816
24.7 0.13312 0.4608 0.22528
24.75 0.16384 0.50176 0.23552
24.8 0.11264 0.49152 0.31744
24.85 0.14336 0.47104 0.32768
24.9 0.1536 0.50176 0.33792
24.95 0.12288 0.49152 0.26624
25 0.1536 0.4608 0.28672
25.05 0.13312 0.50176 0.3584
25.1 0.13312 0.49152 0.36864
25.15 0.12288 0.4608 0.3072
25.2 0.14336 0.47104 0.33792
25.25 0.1536 0.49152 0.32768
25.3 0.14336 0.47104 0.39936
25.35 0.13312 0.48128 0.39936
25.4 0.1536 0.50176 0.33792
25.45 0.13312 0.48128 0.33792
25.5 0.13312 0.48128 0.38912
25.55 0.14336 0.47104 0.44032
25.6 0.1536 0.48128 0.37888
25.65 0.14336 0.48128 0.38912
25.7 0.14336 0.47104 0.38912
25.75 0.1536 0.50176 0.43008
25.8 0.14336 0.48128 0.43008
25.85 0.12288 0.48128 0.41984
25.9 0.16384 0.4608 0.41984
25.95 0.14336 0.49152 0.45056
26 0.1536 0.48128 0.4608
26.05 0.13312 0.4608 0.43008
26.1 0.17408 0.47104 0.4608
26.15 0.13312 0.49152 0.4608
26.2 0.13312 0.48128 0.48128
26.25 0.1536 0.4608 0.4608
26.3 0.16384 0.49152 0.47104
26.35 0.13312 0.48128 0.49152
26.4 0.14336 0.47104 0.47104
26.45 0.14336 0.4608 0.47104
26.5 0.16384 0.48128 0.49152
26.55 0.14336 0.48128 0.48128
26.6 0.14336 0.4608 0.47104
26.65 0.1536 0.48128 0.47104
26.7 0.14336 0.48128 0.48128
26.75 0.1536 0.47104 0.48128
26.8 0.14336 0.47104 0.48128
26.85 0.14336 0.48128 0.47104
26.9 0.14336 0.48128 0.48128
26.95 0.14336 0.47104 0.48128
27 0.14336 0.47104 0.48128
27.05 0.1536 0.49152 0.47104
27.1 0.14336 0.47104 0.48128
27.15 0.1536 0.48128 0.48128
27.2 0.14336 0.47104 0.48128
27.25 0.14336 0.49152 0.47104
27.3 0.14336 0.48128 0.48128
27.35 0.1536 0.47104 0.48128
27.4 0.14336 0.47104 0.48128
27.45 0.14336 0.48128 0.48128
27.5 0.1536 0.48128 0.48128
27.55 0.13312 0.48128 0.47104
27.6 0.14336 0.4608 0.48128
27.65 0.14336 0.48128 0.48128
27.7 0.1536 0.48128 0.48128
27.75 0.14336 0.48128 0.48128
27.8 0.13312 0.49152 0.49152
27.85 0.1536 0.4608 0.47104
27.9 0.14336 0.49152 0.48128
27.95 0.14336 0.48128 0.48128
28 0.14336 0.47104 0.49152
28.05 0.14336 0.47104 0.47104
28.1 0.1536 0.49152 0.48128
28.15 0.14336 0.47104 0.48128
28.2 0.13312 0.48128 0.48128
28.25 0.14336 0.47104 0.48128
28.3 0.14336 0.48128 0.47104
28.35 0.1536 0.49152 0.49152
28.4 0.14336 0.47104 0.48128
28.45 0.13312 0.49152 0.48128
28.5 0.1536 0.4608 0.48128
28.55 0.14336 0.49152 0.47104
28.6 0.14336 0.49152 0.49152
28.65 0.14336 0.47104 0.48128
28.7 0.14336 0.47104 0.48128
28.75 0.13312 0.49152 0.47104
28.8 0.16384 0.48128 0.48128
28.85 0.13312 0.47104 0.48128
28.9 0.14336 0.49152 0.49152
28.95 0.14336 0.4608 0.48128
29 0.13312 0.49152 0.47104
29.05 0.1536 0.48128 0.49152
29.1 0.14336 0.48128 0.48128
29.15 0.14336 0.49152 0.48128
29.2 0.13312 0.4608 0.49152
29.25 0.1536 0.49152 0.47104
29.3 0.14336 0.48128 0.49152
29.35 0.14336 0.48128 0.48128
29.4 0.13312 1e-08 0.48128
29.45 0.14336 1e-08 0.48128
29.5 0.24576 1e-08 0.3072
29.55 0.256 1e-08 0.44032
29.6 0.14336 1e-08 0.4608
29.65 0.24576 1e-08 0.34816
29.7 0.26624 1e-08 0.41984
29.75 0.14336 1e-08 0.45056
29.8 0.23552 1e-08 0.3584
29.85 0.24576 1e-08 0.39936
29.9 0.17408 1e-08 0.47104
29.95 0.21504 1e-08 0.36864
30 0.26624 1e-08 0.4096
30.05 0.18432 1e-08 0.43008
30.1 0.14336 1e-08 0.39936
30.15 0.14336 1e-08 0.31744
30.2 0.256 1e-08 0.31744
30.25 0.1536 1e-08 0.44032
30.3 0.24576 1e-08 0.3584
30.35 0.3584 1e-08 0.06144
30.4 0.03072 1e-08 0.01024
30.45 0.1024 1e-08 0
30.5 0.03072 1e-08 0
30.55 0 1e-08 0
30.6 0 1e-08 0
30.65 0 1e-08 0.01024
30.7 0 1e-08 0
30.75 0 1e-08 0.02048
30.8 0 1e-08 0.04096
30.85 0 1e-08 0.08192
30.9 0 1e-08 0.06144
30.95 0 1e-08 0.1024
31 0 1e-08 0.18432
31.05 0 1e-08 0.19456
31.1 0.01024 1e-08 0.2048
31.15 0 1e-08 0.07168
31.2 0.02048 1e-08 0.14336
31.25 0 1e-08 0.22528
31.3 0.04096 1e-08 0.23552
31.35 0 1e-08 0.21504
31.4 0.08192 1e-08 0.1024
31.45 0 1e-08 0.18432
31.5 0.14336 1e-08 0.26624
31.55 0 1e-08 0.27648
31.6 0.1536 1e-08 0.1536
31.65 0 1e-08 0.17408
31.7 0.09216 1e-08 0.256
31.75 0.07168 1e-08 0.3072
31.8 0.07168 1e-08 0.22528
31.85 0.1024 1e-08 0.256
31.9 0.06144 1e-08 0.19456
31.95 0.12288 1e-08 0.3072
32 0.03072 1e-08 0.34816
32.05 0.16384 1e-08 0.256
32.1 0.01024 1e-08 0.256
32.15 0.19456 1e-08 0.24576
32.2 0 1e-08 0.34816
32.25 0.21504 1e-08 0.34816
32.3 0 1e-08 0.26624
32.35 0.22528 1e-08 0.27648
32.4 0 1e-08 0.33792
32.45 0.1536 1e-08 0.38912
32.5 0.08192 1e-08 0.29696
32.55 0.12288 1e-08 0.31744
32.6 0.12288 1e-08 0.34816
32.65 0.1024 1e-08 0.38912
32.7 0.1536 1e-08 0.38912
32.75 0.08192 1e-08 0.33792
32.8 0.18432 1e-08 0.36864
32.85 0.07168 1e-08 0.37888
32.9 0.2048 1e-08 0.4096
32.95 0.0512 1e-08 0.38912
33 0.22528 1e-08 0.38912
33.05 0.0512 1e-08 0.38912
33.1 0.18432 1e-08 0.43008
33.15 0.1024 1e-08 0.4096
33.2 0.17408 1e-08 0.4096
33.25 0.12288 1e-08 0.44032
33.3 0.1536 1e-08 0.43008
33.35 0.1536 1e-08 0.4608
33.4 0.14336 1e-08 0.41984
33.45 0.17408 1e-08 0.48128
33.5 0.13312 1e-08 0.41984
33.55 0.19456 1e-08 0.4608
33.6 0.13312 1e-08 0.47104
33.65 0.17408 1e-08 0.45056
33.7 0.1536 1e-08 0.4608
33.75 0.17408 1e-08 0.44032
33.8 0.14336 1e-08 0.48128
33.85 0.18432 1e-08 0.45056
33.9 0.1536 1e-08 0.4608
33.95 0.16384 1e-08 0.45056
34 0.18432 1e-08 0.48128
34.05 0.1536 1e-08 0.45056
34.1 0.17408 1e-08 0.4608
34.15 0.16384 1e-08 0.4608
34.2 0.17408 1e-08 0.44032
34.25 0.1536 1e-08 0.4608
34.3 0.18432 1e-08 0.45056
34.35 0.17408 1e-08 0.4608
34.4 0.16384 1e-08 0.45056
34.45 0.18432 1e-08 0.44032
34.5 0.16384 1e-08 0.4608
34.55 0.17408 1e-08 0.45056
34.6 0.18432 1e-08 0.45056
34.65 0.16384 1e-08 0.45056
34.7 0.18432 1e-08 0.44032
34.75 0.16384 1e-08 0.4608
34.8 0.18432 1e-08 0.44032
34.85 0.18432 1e-08 0.4608
34.9 0.16384 1e-08 0.44032
34.95 0.19456 1e-08 0.44032
35 0.16384 1e-08 0.44032
35.05 0.17408 1e-08 0.44032
35.1 0.18432 1e-08 0.44032
35.15 0.16384 1e-08 0.44032
35.2 0.2048 1e-08 0.43008
35.25 0.17408 1e-08 0.4608
35.3 0.17408 1e-08 0.44032
35.35 0.19456 1e-08 0.44032
35.4 0.16384 1e-08 0.45056
35.45 0.18432 1e-08 0.41984
35.5 0.19456 1e-08 0.4608
35.55 0.16384 1e-08 0.44032
35.6 0.19456 1e-08 0.43008
35.65 0.18432 1e-08 0.45056
35.7 0.18432 1e-08 0.44032
35.75 0.19456 1e-08 0.43008
35.8 0.18432 1e-08 0.45056
35.85 0.18432 1e-08 0.45056
35.9 0.19456 1e-08 0.43008
35.95 0.18432 1e-08 0.44032
36 0.18432 1e-08 0.44032
36.05 0.19456 1e-08 0.43008
36.1 0.17408 1e-08 0.44032
36.15 0.19456 1e-08 0.44032
36.2 0.19456 1e-08 0.43008
36.25 0.17408 1e-08 0.44032
36.3 0.19456 1e-08 0.43008
36.35 0.2048 1e-08 0.44032
36.4 0.17408 1e-08 0.44032
36.45 0.18432 1e-08 0.41984
36.5 0.2048 1e-08 0.44032
36.55 0.18432 1e-08 0.44032
36.6 0.18432 1e-08 0.41984
36.65 0.21504 1e-08 0.44032
36.7 0.17408 1e-08 0.44032
36.75 0.19456 1e-08 0.41984
36.8 0.19456 1e-08 0.43008
36.85 0.19456 1e-08 0.44032
36.9 0.18432 1e-08 0.43008
36.95 0.19456 1e-08 0.41984
37 0.19456 1e-08 0.45056
37.05 0.19456 1e-08 0.43008
37.1 0.2048 1e-08 0.4096
37.15 0.17408 1e-08 0.44032
37.2 0.2048 1e-08 0.43008
37.25 0.21504 1e-08 0.43008
37.3 0.17408 1e-08 0.41984
37.35 0.19456 1e-08 0.44032
37.4 0.19456 1e-08 0.41984
37.45 0.2048 1e-08 0.44032
37.5 0.18432 1e-08 0.43008
37.55 0.2048 1e-08 0.4096
37.6 0.19456 1e-08 0.44032
37.65 0.2048 1e-08 0.43008
37.7 0.2048 1e-08 0.41984
37.75 0.19456 1e-08 0.41984
37.8 0.19456 1e-08 0.43008
37.85 0.19456 1e-08 0.43008
37.9 0.21504 1e-08 0.41984
37.95 0.19456 1e-08 0.43008
38 0.18432 1e-08 0.43008
38.05 0.2048 1e-08 0.39936
38.1 0.2048 1e-08 0.44032
38.15 0.2048 1e-08 0.43008
38.2 0.2048 1e-08 0.41984
38.25 0.2048 1e-08 0.43008
38.3 0.18432 1e-08 0.41984
38.35 0.2048 1e-08 0.41984
38.4 0.19456 1e-08 0.41984
38.45 0.2048 1e-08 0.44032
38.5 0.2048 1e-08 0.43008
38.55 0.2048 1e-08 0.41984
38.6 0.2048 1e-08 0.41984
38.65 0.19456 1e-08 0.41984
38.7 0.19456 1e-08 0.4096
38.75 0.2048 1e-08 0.41984
38.8 0.2048 1e-08 0.43008
38.85 0.21504 1e-08 0.43008
38.9 0.2048 1e-08 0.41984
38.95 0.21504 1e-08 0.4096
39 0.18432 1e-08 0.43008
39.05 0.2048 1e-08 0.43008
39.1 0.2048 1e-08 0.39936
39.15 0.21504 1e-08 0.41984
39.2 0.18432 1e-08 0.43008
39.25 0.2048 1e-08 0.4096
39.3 0.22528 1e-08 0.41984
39.35 0.2048 1e-08 0.43008
39.4 0.2048 1e-08 0.41984
39.45 0.2048 1e-08 0.41984
39.5 0.21504 1e-08 0.4096
39.55 0.19456 1e-08 0.43008
39.6 0.19456 1e-08 0.41984
39.65 0.21504 1e-08 0.39936
39.7 0.21504 1e-08 0.41984
39.75 0.19456 1e-08 0.41984
39.8 0.2048 1e-08 0.41984
39.85 0.21504 1e-08 0.4096
39.9 0.2048 1e-08 0.43008
39.95 0.2048 1e-08 0.41984
40 0.22528 1e-08 0.4096
40.05 0.18432 1e-08 0.41984
40.1 0.13312 1e-08 0.41984
40.15 0.13312 1e-08 0.38912
40.2 0.09216 1e-08 0.36864
40.25 0.3072 1e-08 0.41984
40.3 0.26624 1e-08 0.36864
40.35 0.24576 1e-08 0.29696
40.4 0.18432 1e-08 0.03072
40.45 0.02048 1e-08 0.01024
40.5 0 1e-08 0
40.55 0 1e-08 0
40.6 0 1e-08 0
40.65 0 1e-08 0.01024
40.7 0 1e-08 0.02048
40.75 0 1e-08 0
40.8 0 1e-08 0.04096
40.85 0 1e-08 0.08192
40.9 0 1e-08 0.16384
40.95 0 1e-08 0.06144
41 0 1e-08 0.17408
41.05 0.01024 1e-08 0.24576
41.1 0 1e-08 0.256
41.15 0.02048 1e-08 0.21504
41.2 0 1e-08 0.11264
41.25 0.04096 1e-08 0.21504
41.3 0 1e-08 0.28672
41.35 0.06144 1e-08 0.29696
41.4 0.02048 1e-08 0.14336
41.45 0.06144 1e-08 0.2048
41.5 0.1024 1e-08 0.27648
41.55 0 1e-08 0.32768
41.6 0.17408 1e-08 0.26624
41.65 0 1e-08 0.19456
41.7 0.18432 1e-08 0.26624
41.75 0 1e-08 0.31744
41.8 0.19456 1e-08 0.36864
41.85 0 1e-08 0.22528
41.9 0.2048 1e-08 0.28672
41.95 0 1e-08 0.29696
42 0.17408 1e-08 0.3584
42.05 0.04096 1e-08 0.32768
42.1 0.16384 1e-08 0.32768
42.15 0.06144 1e-08 0.29696
42.2 0.14336 1e-08 0.3584
42.25 0.09216 1e-08 0.36864
42.3 0.12288 1e-08 0.32768
42.35 0.12288 1e-08 0.34816
42.4 0.08192 1e-08 0.36864
42.45 0.17408 1e-08 0.36864
42.5 0.0512 1e-08 0.36864
42.55 0.21504 1e-08 0.4096
42.6 0.03072 1e-08 0.34816
42.65 0.24576 1e-08 0.4096
42.7 0.02048 1e-08 0.38912
42.75 0.21504 1e-08 0.43008
42.8 0.0512 1e-08 0.36864
42.85 0.2048 1e-08 0.41984
42.9 0.09216 1e-08 0.44032
42.95 0.19456 1e-08 0.4096
43 0.11264 1e-08 0.45056
43.05 0.16384 1e-08 0.43008
43.1 0.1536 1e-08 0.44032
43.15 0.1536 1e-08 0.44032
43.2 0.17408 1e-08 0.48128
43.25 0.14336 1e-08 0.41984
43.3 0.16384 1e-08 0.49152
43.35 0.14336 1e-08 0.41984
43.4 0.16384 1e-08 0.47104
43.45 0.14336 1e-08 0.4608
43.5 0.17408 1e-08 0.47104
43.55 0.1536 1e-08 0.4608
43.6 0.19456 1e-08 0.47104
43.65 0.14336 1e-08 0.4608
43.7 0.18432 1e-08 0.44032
43.75 0.1536 1e-08 0.47104
43.8 0.17408 1e-08 0.45056
43.85 0.1536 1e-08 0.4608
43.9 0.17408 1e-08 0.45056
43.95 0.18432 1e-08 0.47104
44 0.1536 1e-08 0.45056
44.05 0.17408 1e-08 0.44032
44.1 0.16384 1e-08 0.47104
44.15 0.19456 1e-08 0.44032
44.2 0.16384 1e-08 0.4608
44.25 0.16384 1e-08 0.44032
44.3 0.18432 1e-08 0.45056
44.35 0.16384 1e-08 0.4608
44.4 0.19456 1e-08 0.44032
44.45 0.16384 1e-08 0.4608
44.5 0.16384 1e-08 0.44032
44.55 0.18432 1e-08 0.44032
44.6 0.17408 1e-08 0.4608
44.65 0.18432 1e-08 0.44032
44.7 0.18432 1e-08 0.4608
44.75 0.17408 1e-08 0.44032
44.8 0.18432 1e-08 0.44032
44.85 0.16384 1e-08 0.45056
44.9 0.17408 1e-08 0.41984
44.95 0.18432 1e-08 0.4608
45 0.17408 1e-08 0.45056
45.05 0.19456 1e-08 0.43008
45.1 0.19456 1e-08 0.44032
45.15 0.16384 1e-08 0.45056
45.2 0.19456 1e-08 0.43008
45.25 0.17408 1e-08 0.4608
45.3 0.17408 1e-08 0.44032
45.35 0.19456 1e-08 0.43008
45.4 0.17408 1e-08 0.45056
45.45 0.17408 1e-08 0.41984
45.5 0.2048 1e-08 0.45056
45.55 0.16384 1e-08 0.43008
45.6 0.19456 1e-08 0.43008
45.65 0.18432 1e-08 0.44032
45.7 0.17408 1e-08 0.45056
45.75 0.19456 1e-08 0.41984
45.8 0.19456 1e-08 0.45056
45.85 0.17408 1e-08 0.44032
45.9 0.19456 1e-08 0.43008
45.95 0.19456 1e-08 0.44032
46 0.18432 1e-08 0.43008
46.05 0.19456 1e-08 0.44032
46.1 0.18432 1e-08 0.43008
46.15 0.18432 1e-08 0.44032
46.2 0.2048 1e-08 0.43008
46.25 0.18432 1e-08 0.44032
46.3 0.18432 1e-08 0.43008
46.35 0.19456 1e-08 0.44032
46.4 0.19456 1e-08 0.43008
46.45 0.18432 1e-08 0.44032
46.5 0.19456 1e-08 0.43008
46.55 0.19456 1e-08 0.44032
46.6 0.19456 1e-08 0.43008
46.65 0.19456 1e-08 0.43008
46.7 0.2048 1e-08 0.44032
46.75 0.17408 1e-08 0.43008
46.8 0.2048 1e-08 0.41984
46.85 0.19456 1e-08 0.44032
46.9 0.19456 1e-08 0.43008
46.95 0.19456 1e-08 0.43008
47 0.19456 1e-08 0.41984
47.05 0.18432 1e-08 0.44032
47.1 0.2048 1e-08 0.41984
47.15 0.2048 1e-08 0.43008
47.2 0.18432 1e-08 0.43008
47.25 0.19456 1e-08 0.43008
47.3 0.21504 1e-08 0.41984
47.35 0.18432 1e-08 0.44032
47.4 0.19456 1e-08 0.41984
47.45 0.19456 1e-08 0.4096
47.5 0.2048 1e-08 0.44032
47.55 0.2048 1e-08 0.44032
47.6 0.19456 1e-08 0.41984
47.65 0.2048 1e-08 0.41984
47.7 0.18432 1e-08 0.43008
47.75 0.19456 1e-08 0.41984
47.8 0.22528 1e-08 0.41984
47.85 0.18432 1e-08 0.44032
47.9 0.19456 1e-08 0.43008
47.95 0.19456 1e-08 0.39936
48 0.21504 1e-08 0.44032
48.05 0.18432 1e-08 0.43008
48.1 0.21504 1e-08 0.43008
48.15 0.21504 1e-08 0.41984
48.2 0.18432 1e-08 0.43008
48.25 0.19456 1e-08 0.4096
48.3 0.2048 1e-08 0.4096
48.35 0.2048 1e-08 0.43008
48.4 0.19456 1e-08 0.43008
48.45 0.21504 1e-08 0.41984
48.5 0.21504 1e-08 0.41984
48.55 0.19456 1e-08 0.44032
48.6 0.19456 1e-08 0.41984
48.65 0.2048 1e-08 0.4096
48.7 0.2048 1e-08 0.4096
48.75 0.18432 1e-08 0.43008
48.8 0.21504 1e-08 0.41984
48.85 0.21504 1e-08 0.4096
48.9 0.2048 1e-08 0.44032
48.95 0.21504 1e-08 0.41984
49 0.19456 1e-08 0.41984
49.05 0.21504 1e-08 0.41984
49.1 0.19456 1e-08 0.41984
49.15 0.19456 1e-08 0.43008
49.2 0.2048 1e-08 0.39936
49.25 0.21504 1e-08 0.41984
49.3 0.19456 1e-08 0.41984
49.35 0.2048 1e-08 0.4096
49.4 0.21504 1e-08 0.4096
49.45 0.2048 1e-08 0.44032
49.5 0.2048 1e-08 0.41984
49.55 0.21504 1e-08 0.41984
49.6 0.22528 1e-08 0.4096
49.65 0.19456 1e-08 0.43008
49.7 0.2048 1e-08 0.41984
49.75 0.2048 1e-08 0.41984
49.8 0.22528 1e-08 0.4096
49.85 0.19456 1e-08 0.41984
49.9 0.2048 1e-08 0.41984
49.95 0.2048 1e-08 0.39936
50 0.22528 1e-08 0.43008
50.05 0.18432 1e-08 0.41984
50.1 0.12288 1e-08 0.39936
50.15 0.17408 1e-08 0.4096
50.2 0.07168 1e-08 0.3584
50.25 0.32768 1e-08 0.54272
50.3 0.256 1e-08 0.31744
50.35 0.22528 1e-08 0.23552
50.4 0.24576 1e-08 0.03072
50.45 0 1e-08 0
50.5 0.18432 1e-08 0
50.55 0 1e-08 0
50.6 0 1e-08 0
50.65 0 1e-08 0.01024
50.7 0 1e-08 0
50.75 0 1e-08 0.02048
50.8 0 1e-08 0.04096
50.85 0 1e-08 0.08192
50.9 0 1e-08 0.04096
50.95 0 1e-08 0.12288
51 0 1e-08 0.27648
51.05 0 1e-08 0.28672
51.1 0 1e-08 0.2048
51.15 0 1e-08 0.14336
51.2 0.01024 1e-08 0.256
51.25 0 1e-08 0.31744
51.3 0 1e-08 0.32768
51.35 0.02048 1e-08 0.19456
51.4 0 1e-08 0.2048
51.45 0.04096 1e-08 0.28672
51.5 0 1e-08 0.3584
51.55 0.08192 1e-08 0.3584
51.6 0 1e-08 0.17408
51.65 0.16384 1e-08 0.28672
51.7 0 1e-08 0.31744
51.75 0.19456 1e-08 0.38912
51.8 0 1e-08 0.256
51.85 0.19456 1e-08 0.3072
51.9 0.01024 1e-08 0.32768
51.95 0.14336 1e-08 0.37888
52 0.07168 1e-08 0.32768
52.05 0.12288 1e-08 0.33792
52.1 0.1024 1e-08 0.3584
52.15 0.09216 1e-08 0.34816
52.2 0.14336 1e-08 0.39936
52.25 0.0512 1e-08 0.34816
52.3 0.19456 1e-08 0.38912
52.35 0.03072 1e-08 0.37888
52.4 0.22528 1e-08 0.41984
52.45 0.01024 1e-08 0.36864
52.5 0.24576 1e-08 0.4096
52.55 0.01024 1e-08 0.39936
52.6 0.2048 1e-08 0.4096
52.65 0.07168 1e-08 0.41984
52.7 0.17408 1e-08 0.38912
52.75 0.11264 1e-08 0.4608
52.8 0.1536 1e-08 0.4096
52.85 0.14336 1e-08 0.48128
52.9 0.14336 1e-08 0.41984
52.95 0.16384 1e-08 0.47104
53 0.13312 1e-08 0.44032
53.05 0.16384 1e-08 0.48128
53.1 0.12288 1e-08 0.44032
53.15 0.17408 1e-08 0.48128
53.2 0.12288 1e-08 0.45056
53.25 0.17408 1e-08 0.48128
53.3 0.14336 1e-08 0.48128
53.35 0.17408 1e-08 0.4608
53.4 0.1536 1e-08 0.48128
53.45 0.17408 1e-08 0.45056
53.5 0.14336 1e-08 0.47104
53.55 0.16384 1e-08 0.45056
53.6 0.1536 1e-08 0.48128
53.65 0.1536 1e-08 0.44032
53.7 0.17408 1e-08 0.49152
53.75 0.16384 1e-08 0.4608
53.8 0.17408 1e-08 0.45056
53.85 0.14336 1e-08 0.4608
53.9 0.18432 1e-08 0.45056
53.95 0.16384 1e-08 0.48128
54 0.1536 1e-08 0.44032
54.05 0.17408 1e-08 0.4608
54.1 0.16384 1e-08 0.4608
54.15 0.18432 1e-08 0.45056
54.2 0.1536 1e-08 0.47104
54.25 0.16384 1e-08 0.44032
54.3 0.18432 1e-08 0.45056
54.35 0.1536 1e-08 0.4608
54.4 0.2048 1e-08 0.45056
54.45 0.1536 1e-08 0.47104
54.5 0.16384 1e-08 0.45056
54.55 0.18432 1e-08 0.44032
54.6 0.1536 1e-08 0.44032
54.65 0.17408 1e-08 0.44032
54.7 0.18432 1e-08 0.47104
54.75 0.18432 1e-08 0.45056
54.8 0.19456 1e-08 0.45056
54.85 0.1536 1e-08 0.4608
54.9 0.17408 1e-08 0.45056
54.95 0.18432 1e-08 0.44032
55 0.16384 1e-08 0.45056
55.05 0.17408 1e-08 0.43008
55.1 0.18432 1e-08 0.43008
55.15 0.1536 1e-08 0.44032
55.2 0.17408 1e-08 0.43008
55.25 0.19456 1e-08 0.4608
55.3 0.16384 1e-08 0.45056
55.35 0.2048 1e-08 0.43008
55.4 0.17408 1e-08 0.4608
55.45 0.17408 1e-08 0.44032
55.5 0.19456 1e-08 0.43008
55.55 0.16384 1e-08 0.4608
55.6 0.19456 1e-08 0.44032
55.65 0.19456 1e-08 0.43008
55.7 0.17408 1e-08 0.4608
55.75 0.18432 1e-08 0.44032
55.8 0.18432 1e-08 0.43008
55.85 0.18432 1e-08 0.45056
55.9 0.18432 1e-08 0.44032
55.95 0.18432 1e-08 0.43008
56 0.18432 1e-08 0.45056
56.05 0.18432 1e-08 0.43008
56.1 0.19456 1e-08 0.43008
56.15 0.18432 1e-08 0.45056
56.2 0.18432 1e-08 0.43008
56.25 0.18432 1e-08 0.43008
56.3 0.18432 1e-08 0.45056
56.35 0.19456 1e-08 0.44032
56.4 0.18432 1e-08 0.41984
56.45 0.17408 1e-08 0.45056
56.5 0.2048 1e-08 0.43008
56.55 0.19456 1e-08 0.44032
56.6 0.17408 1e-08 0.44032
56.65 0.18432 1e-08 0.43008
56.7 0.21504 1e-08 0.43008
56.75 0.17408 1e-08 0.45056
56.8 0.18432 1e-08 0.41984
56.85 0.19456 1e-08 0.43008
56.9 0.2048 1e-08 0.45056
56.95 0.18432 1e-08 0.43008
57 0.18432 1e-08 0.41984
57.05 0.19456 1e-08 0.44032
57.1 0.2048 1e-08 0.44032
57.15 0.18432 1e-08 0.43008
57.2 0.2048 1e-08 0.4096
57.25 0.17408 1e-08 0.44032
57.3 0.19456 1e-08 0.44032
57.35 0.22528 1e-08 0.41984
57.4 0.17408 1e-08 0.44032
57.45 0.18432 1e-08 0.43008
57.5 0.19456 1e-08 0.4096
57.55 0.2048 1e-08 0.44032
57.6 0.2048 1e-08 0.45056
57.65 0.18432 1e-08 0.41984
57.7 0.2048 1e-08 0.41984
57.75 0.18432 1e-08 0.41984
57.8 0.18432 1e-08 0.43008
57.85 0.2048 1e-08 0.41984
57.9 0.21504 1e-08 0.45056
57.95 0.18432 1e-08 0.43008
58 0.2048 1e-08 0.43008
58.05 0.2048 1e-08 0.41984
58.1 0.17408 1e-08 0.41984
58.15 0.19456 1e-08 0.43008
58.2 0.2048 1e-08 0.41984
58.25 0.21504 1e-08 0.45056
58.3 0.19456 1e-08 0.43008
58.35 0.19456 1e-08 0.41984
58.4 0.21504 1e-08 0.41984
58.45 0.17408 1e-08 0.41984
58.5 0.19456 1e-08 0.4096
58.55 0.2048 1e-08 0.41984
58.6 0.2048 1e-08 0.44032
58.65 0.2048 1e-08 0.44032
58.7 0.2048 1e-08 0.41984
58.75 0.21504 1e-08 0.41984
58.8 0.19456 1e-08 0.43008
58.85 0.18432 1e-08 0.43008
58.9 0.2048 1e-08 0.4096
58.95 0.2048 1e-08 0.41984
59 0.19456 1e-08 0.41984
59.05 0.19456 1e-08 0.41984
59.1 0.2048 1e-08 0.4096
59.15 0.2048 1e-08 0.44032
59.2 0.2048 1e-08 0.41984
59.25 0.21504 1e-08 0.43008
59.3 0.2048 1e-08 0.4096
59.35 0.2048 1e-08 0.44032
59.4 0.19456 1e-08 0.43008
59.45 0.21504 1e-08 0.41984
59.5 0.21504 1e-08 0.4096
59.55 0.18432 1e-08 0.43008
59.6 0.2048 1e-08 0.41984
59.65 0.2048 1e-08 0.39936
59.7 0.2048 1e-08 0.44032
59.75 0.19456 1e-08 0.41984
59.8 0.2048 1e-08 0.4096
59.85 0.2048 1e-08 0.4096
59.9 0.21504 1e-08 0.43008
59.95 0.19456 1e-08 0.41984
60 0.19456 1e-08 0.4096
60.05 0.21504 1e-08 0.41984
60.1 0.14336 1e-08 0.41984
60.15 0.0512 1e-08 0.4096
60.2 0.13312 1e-08 0.36864
60.25 0.32768 1e-08 0.39936
60.3 0.24576 1e-08 0.38912
60.35 0.22528 1e-08 0.26624
60.4 0.28672 1e-08 0.01024
60.45 0.01024 1e-08 0
60.5 0.11264 1e-08 0
60.55 0.01024 1e-08 0
60.6 0 1e-08 0
60.65 0 1e-08 0.01024
60.7 0 1e-08 0
60.75 0 1e-08 0.02048
60.8 0 1e-08 0.04096
60.85 0 1e-08 0.08192
60.9 0 1e-08 0.14336
60.95 0 1e-08 0.02048
61 0 1e-08 0.29696
61.05 0 1e-08 0.3072
61.1 0 1e-08 0.3072
61.15 0 1e-08 0.16384
61.2 0.01024 1e-08 0.17408
61.25 0 1e-08 0.33792
61.3 0.02048 1e-08 0.34816
61.35 0 1e-08 0.28672
61.4 0.04096 1e-08 0.2048
61.45 0 1e-08 0.23552
61.5 0 1e-08 0.37888
61.55 0.08192 1e-08 0.38912
61.6 0 1e-08 0.21504
61.65 0.16384 1e-08 0.31744
61.7 0 1e-08 0.27648
61.75 0.17408 1e-08 0.41984
61.8 0 1e-08 0.28672
61.85 0.18432 1e-08 0.3584
61.9 0 1e-08 0.33792
61.95 0.17408 1e-08 0.34816
62 0.02048 1e-08 0.36864
62.05 0.13312 1e-08 0.36864
62.1 0.07168 1e-08 0.3584
62.15 0.09216 1e-08 0.36864
62.2 0.12288 1e-08 0.43008
62.25 0.07168 1e-08 0.3584
62.3 0.1536 1e-08 0.41984
62.35 0.0512 1e-08 0.38912
62.4 0.18432 1e-08 0.43008
62.45 0.04096 1e-08 0.39936
62.5 0.2048 1e-08 0.43008
62.55 0.02048 1e-08 0.41984
62.6 0.19456 1e-08 0.44032
62.65 0.0512 1e-08 0.41984
62.7 0.16384 1e-08 0.43008
62.75 0.09216 1e-08 0.4608
62.8 0.14336 1e-08 0.43008
62.85 0.13312 1e-08 0.49152
62.9 0.12288 1e-08 0.45056
62.95 0.16384 1e-08 0.48128
63 0.11264 1e-08 0.4608
63.05 0.17408 1e-08 0.48128
63.1 0.11264 1e-08 1e-08
63.15 0.18432 1e-08 1e-08
63.2 0.11264 1e-08 1e-08
63.25 0.18432 1e-08 1e-08
63.3 0.11264 1e-08 1e-08
63.35 0.19456 1e-08 1e-08
63.4 0.12288 1e-08 1e-08
63.45 0.1536 1e-08 1e-08
63.5 0.17408 1e-08 1e-08
63.55 0.14336 1e-08 1e-08
63.6 0.19456 1e-08 1e-08
63.65 0.13312 1e-08 1e-08
63.7 0.21504 1e-08 1e-08
63.75 0.13312 1e-08 1e-08
63.8 0.22528 1e-08 1e-08
63.85 0.13312 1e-08 1e-08
63.9 0.22528 1e-08 1e-08
63.95 0.1536 1e-08 1e-08
64 0.23552 1e-08 1e-08
64.05 0.14336 1e-08 1e-08
64.1 0.256 1e-08 1e-08
64.15 0.13312 1e-08 1e-08
64.2 0.27648 1e-08 1e-08
64.25 0.12288 1e-08 1e-08
64.3 0.28672 1e-08 1e-08
64.35 0.12288 1e-08 1e-08
64.4 0.26624 1e-08 1e-08
64.45 0.14336 1e-08 1e-08
64.5 0.23552 1e-08 1e-08
64.55 0.19456 1e-08 1e-08
64.6 0.19456 1e-08 1e-08
64.65 0.24576 1e-08 1e-08
64.7 0.16384 1e-08 1e-08
64.75 0.28672 1e-08 1e-08
64.8 0.13312 1e-08 1e-08
64.85 0.31744 1e-08 1e-08
64.9 0.14336 1e-08 1e-08
64.95 0.32768 1e-08 1e-08
65 0.13312 1e-08 1e-08
65.05 0.34816 1e-08 1e-08
65.1 0.13312 1e-08 1e-08
65.15 0.3584 1e-08 1e-08
65.2 0.14336 1e-08 1e-08
65.25 0.3584 1e-08 1e-08
65.3 0.14336 1e-08 1e-08
65.35 0.37888 1e-08 1e-08
65.4 0.13312 1e-08 1e-08
65.45 0.34816 1e-08 1e-08
65.5 0.17408 1e-08 1e-08
65.55 0.3072 1e-08 1e-08
65.6 0.22528 1e-08 1e-08
65.65 0.26624 1e-08 1e-08
65.7 0.27648 1e-08 1e-08
65.75 0.22528 1e-08 1e-08
65.8 0.31744 1e-08 1e-08
65.85 0.19456 1e-08 1e-08
65.9 0.36864 1e-08 1e-08
65.95 0.16384 1e-08 1e-08
66 0.4096 1e-08 1e-08
66.05 0.14336 1e-08 1e-08
66.1 0.44032 1e-08 1e-08
66.15 0.13312 1e-08 1e-08
66.2 0.4608 1e-08 1e-08
66.25 0.13312 1e-08 1e-08
66.3 0.47104 1e-08 1e-08
66.35 0.13312 1e-08 1e-08
66.4 0.47104 1e-08 1e-08
66.45 0.14336 1e-08 1e-08
66.5 0.45056 1e-08 1e-08
66.55 0.17408 1e-08 1e-08
66.6 0.4096 1e-08 1e-08
66.65 0.22528 1e-08 1e-08
66.7 0.36864 1e-08 1e-08
66.75 0.27648 1e-08 1e-08
66.8 0.32768 1e-08 1e-08
66.85 0.32768 1e-08 1e-08
66.9 0.28672 1e-08 1e-08
66.95 0.37888 1e-08 1e-08
67 0.24576 1e-08 1e-08
67.05 0.43008 1e-08 1e-08
67.1 0.2048 1e-08 1e-08
67.15 0.47104 1e-08 1e-08
67.2 0.17408 1e-08 1e-08
67.25 0.52224 1e-08 1e-08
67.3 0.14336 1e-08 1e-08
67.35 0.5632 1e-08 1e-08
67.4 0.14336 1e-08 1e-08
67.45 0.57344 1e-08 1e-08
67.5 0.13312 1e-08 1e-08
67.55 0.54272 1e-08 1e-08
67.6 0.18432 1e-08 1e-08
67.65 0.50176 1e-08 1e-08
67.7 0.23552 1e-08 1e-08
67.75 0.4608 1e-08 1e-08
67.8 0.29696 1e-08 1e-08
67.85 0.4096 1e-08 1e-08
67.9 0.34816 1e-08 1e-08
67.95 0.36864 1e-08 1e-08
68 0.39936 1e-08 1e-08
68.05 0.32768 1e-08 1e-08
68.1 0.45056 1e-08 1e-08
68.15 0.28672 1e-08 1e-08
68.2 0.50176 1e-08 1e-08
68.25 0.256 1e-08 1e-08
68.3 0.53248 1e-08 1e-08
68.35 0.22528 1e-08 1e-08
68.4 0.58368 1e-08 1e-08
68.45 0.18432 1e-08 1e-08
68.5 0.62464 1e-08 1e-08
68.55 0.1536 1e-08 1e-08
68.6 0.62464 1e-08 1e-08
68.65 0.19456 1e-08 1e-08
68.7 0.59392 1e-08 1e-08
68.75 0.24576 1e-08 1e-08
68.8 0.55296 1e-08 1e-08
68.85 0.28672 1e-08 1e-08
68.9 0.52224 1e-08 1e-08
68.95 0.33792 1e-08 1e-08
69 0.48128 1e-08 1e-08
69.05 0.39936 1e-08 1e-08
69.1 0.43008 1e-08 1e-08
69.15 0.45056 1e-08 1e-08
69.2 0.38912 1e-08 1e-08
69.25 0.50176 1e-08 1e-08
69.3 0.34816 1e-08 1e-08
69.35 0.55296 1e-08 1e-08
69.4 0.3072 1e-08 1e-08
69.45 0.60416 1e-08 1e-08
69.5 0.26624 1e-08 1e-08
69.55 0.62464 1e-08 1e-08
69.6 0.256 1e-08 1e-08
69.65 0.62464 1e-08 1e-08
69.7 0.26624 1e-08 1e-08
69.75 0.62464 1e-08 1e-08
69.8 0.27648 1e-08 1e-08
69.85 0.62464 1e-08 1e-08
69.9 0.31744 1e-08 1e-08
69.95 0.59392 1e-08 1e-08
70 0.3584 1e-08 1e-08
70.05 0.5632 1e-08 1e-08
70.1 0.4096 1e-08 1e-08
70.15 0.49152 1e-08 1e-08
70.2 0.49152 1e-08 1e-08
70.25 0.45056 1e-08 1e-08
70.3 0.54272 1e-08 1e-08
70.35 0.4096 1e-08 1e-08
70.4 0.59392 1e-08 1e-08
70.45 0.36864 1e-08 1e-08
70.5 0.62464 1e-08 1e-08
70.55 0.3584 1e-08 1e-08
70.6 0.6144 1e-08 1e-08
70.65 0.36864 1e-08 1e-08
70.7 0.62464 1e-08 1e-08
70.75 0.37888 1e-08 1e-08
70.8 0.6144 1e-08 1e-08
70.85 0.38912 1e-08 1e-08
70.9 0.6144 1e-08 1e-08
70.95 0.4096 1e-08 1e-08
71 0.60416 1e-08 1e-08
71.05 0.43008 1e-08 1e-08
71.1 0.59392 1e-08 1e-08
71.15 0.45056 1e-08 1e-08
71.2 0.58368 1e-08 1e-08
71.25 0.49152 1e-08 1e-08
71.3 0.55296 1e-08 1e-08
71.35 0.54272 1e-08 1e-08
71.4 0.512 1e-08 1e-08
71.45 0.59392 1e-08 1e-08
71.5 0.47104 1e-08 1e-08
71.55 0.62464 1e-08 1e-08
71.6 0.45056 1e-08 1e-08
71.65 0.62464 1e-08 1e-08
71.7 0.4608 1e-08 1e-08
71.75 0.62464 1e-08 1e-08
71.8 0.48128 1e-08 1e-08
71.85 0.6144 1e-08 1e-08
71.9 0.49152 1e-08 1e-08
71.95 0.6144 1e-08 1e-08
72 0.512 1e-08 1e-08
72.05 0.60416 1e-08 1e-08
72.1 0.52224 1e-08 1e-08
72.15 0.60416 1e-08 1e-08
72.2 0.53248 1e-08 1e-08
72.25 0.60416 1e-08 1e-08
72.3 0.55296 1e-08 1e-08
72.35 0.59392 1e-08 1e-08
72.4 0.5632 1e-08 1e-08
72.45 0.59392 1e-08 1e-08
72.5 0.6144 1e-08 1e-08
72.55 0.55296 1e-08 1e-08
72.6 0.62464 1e-08 1e-08
72.65 0.55296 1e-08 1e-08
72.7 0.62464 1e-08 1e-08
72.75 0.5632 1e-08 1e-08
72.8 0.62464 1e-08 1e-08
72.85 0.57344 1e-08 1e-08
72.9 0.62464 1e-08 1e-08
72.95 0.58368 1e-08 1e-08
73 0.63488 1e-08 1e-08
73.05 0.59392 1e-08 1e-08
73.1 0.62464 1e-08 1e-08
73.15 0.60416 1e-08 1e-08
73.2 0.62464 1e-08 1e-08
73.25 0.62464 1e-08 1e-08
73.3 0.6144 1e-08 1e-08
73.35 0.62464 1e-08 1e-08
73.4 0.62464 1e-08 1e-08
73.45 0.62464 1e-08 1e-08
73.5 0.62464 1e-08 1e-08
73.55 0.62464 1e-08 1e-08
73.6 0.62464 1e-08 1e-08
73.65 0.62464 1e-08 1e-08
73.7 0.62464 1e-08 1e-08
73.75 0.62464 1e-08 1e-08
73.8 0.62464 1e-08 1e-08
73.85 0.62464 1e-08 1e-08
73.9 0.62464 1e-08 1e-08
73.95 0.62464 1e-08 1e-08
74 0.62464 1e-08 1e-08
74.05 0.62464 1e-08 1e-08
74.1 0.62464 1e-08 1e-08
74.15 0.62464 1e-08 1e-08
74.2 0.62464 1e-08 1e-08
74.25 0.62464 1e-08 1e-08
74.3 0.62464 1e-08 1e-08
74.35 0.62464 1e-08 1e-08
74.4 0.62464 1e-08 1e-08
74.45 0.62464 1e-08 1e-08
74.5 0.62464 1e-08 1e-08
74.55 0.62464 1e-08 1e-08
74.6 0.63488 1e-08 1e-08
74.65 0.62464 1e-08 1e-08
74.7 0.62464 1e-08 1e-08
74.75 0.62464 1e-08 1e-08
74.8 0.62464 1e-08 1e-08
74.85 0.62464 1e-08 1e-08
74.9 0.62464 1e-08 1e-08
46.5 0.13312 1e-08 0.512
46.55 0.13312 1e-08 0.50176
46.6 0.14336 1e-08 0.48128
46.65 0.16384 1e-08 0.47104
46.7 0.1024 1e-08 0.50176
46.75 0.13312 1e-08 0.47104
46.8 0.14336 1e-08 0.47104
46.85 0.1536 1e-08 0.49152
46.9 0.12288 1e-08 0.49152
46.95 0.14336 1e-08 0.48128
47 0.16384 1e-08 0.4608
47.05 0.13312 1e-08 0.512
47.1 0.14336 1e-08 0.49152
47.15 0.14336 1e-08 0.47104
47.2 0.16384 1e-08 0.47104
47.25 0.12288 1e-08 0.50176
47.3 0.13312 1e-08 0.48128
47.35 0.14336 1e-08 0.47104
47.4 0.16384 1e-08 0.48128
47.45 0.12288 1e-08 0.48128
47.5 0.14336 1e-08 0.47104
47.55 0.14336 1e-08 0.47104
47.6 0.16384 1e-08 0.49152
47.65 0.12288 1e-08 0.48128
47.7 0.14336 1e-08 0.47104
47.75 0.16384 1e-08 0.47104
47.8 0.14336 1e-08 0.49152
47.85 0.14336 1e-08 0.49152
47.9 0.14336 1e-08 0.47104
47.95 0.17408 1e-08 0.4608
48 0.12288 1e-08 0.49152
48.05 0.1536 1e-08 0.48128
48.1 0.1536 1e-08 0.47104
48.15 0.16384 1e-08 0.4608
48.2 0.13312 1e-08 0.49152
48.25 0.1536 1e-08 0.48128
48.3 0.1536 1e-08 0.47104
48.35 0.1536 1e-08 0.45056
48.4 0.14336 1e-08 0.50176
48.45 0.1536 1e-08 0.47104
48.5 0.1536 1e-08 0.47104
48.55 0.16384 1e-08 0.45056
48.6 0.13312 1e-08 0.50176
48.65 0.1536 1e-08 0.47104
48.7 0.1536 1e-08 0.4608
48.75 0.16384 1e-08 0.4608
48.8 0.14336 1e-08 0.49152
48.85 0.1536 1e-08 0.47104
48.9 0.1536 1e-08 0.4608
48.95 0.16384 1e-08 0.45056
49 0.14336 1e-08 0.49152
49.05 0.1536 1e-08 0.47104
49.1 0.16384 1e-08 0.47104
49.15 0.16384 1e-08 0.45056
49.2 0.13312 1e-08 0.49152
49.25 0.1536 1e-08 0.47104
49.3 0.17408 1e-08 0.47104
49.35 0.17408 1e-08 0.45056
49.4 0.13312 1e-08 0.47104
49.45 0.14336 1e-08 0.48128
49.5 0.16384 1e-08 0.33792
49.55 0.48128 1e-08 0.01024
49.6 0.16384 1e-08 0.01024
49.65 0.48128 1e-08 0.04096
49.7 0.16384 1e-08 0.08192
49.75 0.4608 1e-08 0.13312
49.8 0.2048 1e-08 0.04096
49.85 0.24576 1e-08 0.31744
49.9 0.39936 1e-08 0.31744
49.95 0.13312 1e-08 0.37888
50 0.27648 1e-08 0.39936
50.05 0.28672 1e-08 0.37888
50.1 0.17408 1e-08 0.36864
50.15 0.27648 1e-08 0.38912
50.2 0.24576 1e-08 0.37888
50.25 0.22528 1e-08 0.3584
50.3 0.26624 1e-08 0.4096
50.35 0.22528 1e-08 0.36864
50.4 0.24576 1e-08 0.36864
50.45 0.256 1e-08 0.4096
50.5 0.22528 1e-08 0.36864
50.55 0.24576 1e-08 0.37888
50.6 0.24576 1e-08 0.39936
50.65 0.23552 1e-08 0.36864
50.7 0.24576 1e-08 0.36864
50.75 0.256 1e-08 0.39936
50.8 0.22528 1e-08 0.37888
50.85 0.24576 1e-08 0.36864
50.9 0.256 1e-08 0.39936
50.95 0.23552 1e-08 0.37888
51 0.23552 1e-08 0.38912
51.05 0.256 1e-08 0.37888
51.1 0.24576 1e-08 0.38912
51.15 0.23552 1e-08 0.36864
51.2 0.256 1e-08 0.37888
51.25 0.23552 1e-08 0.38912
51.3 0.24576 1e-08 0.37888
51.35 0.24576 1e-08 0.36864
51.4 0.23552 1e-08 0.37888
51.45 0.256 1e-08 0.38912
51.5 0.23552 1e-08 0.37888
51.55 0.24576 1e-08 0.37888
51.6 0.23552 1e-08 0.38912
51.65 0.256 1e-08 0.36864
51.7 0.24576 1e-08 0.38912
51.75 0.24576 1e-08 0.37888
51.8 0.24576 1e-08 0.36864
51.85 0.24576 1e-08 0.38912
51.9 0.24576 1e-08 0.36864
51.95 0.23552 1e-08 0.38912
52 0.24576 1e-08 0.37888
52.05 0.256 1e-08 0.37888
52.1 0.23552 1e-08 0.38912
52.15 0.24576 1e-08 0.36864
52.2 0.26624 1e-08 0.37888
52.25 0.22528 1e-08 0.37888
52.3 0.24576 1e-08 0.37888
52.35 0.26624 1e-08 0.36864
52.4 0.22528 1e-08 0.39936
52.45 0.24576 1e-08 0.38912
52.5 0.256 1e-08 0.3584
52.55 0.256 1e-08 0.37888
52.6 0.22528 1e-08 0.38912
52.65 0.24576 1e-08 0.37888
52.7 0.26624 1e-08 0.3584
52.75 0.23552 1e-08 0.38912
52.8 0.23552 1e-08 0.38912
52.85 0.256 1e-08 0.36864
52.9 0.256 1e-08 0.37888
52.95 0.23552 1e-08 0.37888
53 0.24576 1e-08 0.37888
53.05 0.24576 1e-08 0.36864
53.1 0.24576 1e-08 0.37888
53.15 0.256 1e-08 0.37888
53.2 0.24576 1e-08 0.37888
53.25 0.256 1e-08 0.36864
53.3 0.23552 1e-08 0.39936
53.35 0.256 1e-08 0.36864
53.4 0.24576 1e-08 0.36864
53.45 0.256 1e-08 0.37888
53.5 0.23552 1e-08 0.37888
53.55 0.24576 1e-08 0.36864
53.6 0.256 1e-08 0.37888
53.65 0.23552 1e-08 0.37888
53.7 0.256 1e-08 0.38912
53.75 0.24576 1e-08 0.36864
53.8 0.256 1e-08 0.37888
53.85 0.24576 1e-08 0.38912
53.9 0.24576 1e-08 0.36864
53.95 0.24576 1e-08 0.37888
54 0.26624 1e-08 0.36864
54.05 0.23552 1e-08 0.38912
54.1 0.24576 1e-08 0.36864
54.15 0.256 1e-08 0.36864
54.2 0.24576 1e-08 0.38912
54.25 0.24576 1e-08 0.37888
54.3 0.24576 1e-08 0.36864
54.35 0.256 1e-08 0.36864
54.4 0.24576 1e-08 0.37888
54.45 0.24576 1e-08 0.37888
54.5 0.24576 1e-08 0.36864
54.55 0.256 1e-08 0.37888
54.6 0.256 1e-08 0.37888
54.65 0.24576 1e-08 0.37888
54.7 0.24576 1e-08 0.36864
54.75 0.26624 1e-08 0.36864
54.8 0.23552 1e-08 0.37888
54.85 0.24576 1e-08 0.37888
54.9 0.256 1e-08 0.36864
54.95 0.256 1e-08 0.36864
55 0.24576 1e-08 0.38912
55.05 0.23552 1e-08 0.36864
55.1 0.18432 1e-08 0.37888
55.15 0.1536 1e-08 0.3584
55.2 0.1536 1e-08 0.32768
55.25 0.39936 1e-08 0.45056
55.3 0.23552 1e-08 0.34816
55.35 0.3072 1e-08 0.18432
55.4 0.33792 1e-08 0.02048
55.45 0.02048 1e-08 0.04096
55.5 0.08192 1e-08 0.08192
55.55 0.03072 1e-08 0.11264
55.6 0 1e-08 0.0512
55.65 0 1e-08 0.32768
55.7 0 1e-08 0.43008
55.75 0 1e-08 0.4608
55.8 0 1e-08 0.47104
55.85 0 1e-08 0.512
55.9 0 1e-08 0.59392
55.95 0 1e-08 0.49152
56 0 1e-08 0.50176
56.05 0 1e-08 0.512
56.1 0 1e-08 0.54272
56.15 0.01024 1e-08 0.59392
56.2 0 1e-08 0.53248
56.25 0.02048 1e-08 0.54272
56.3 0 1e-08 0.5632
56.35 0.02048 1e-08 0.57344
56.4 0.02048 1e-08 0.5632
56.45 0 1e-08 0.53248
56.5 0.08192 1e-08 0.62464
56.55 0 1e-08 0.49152
56.6 0.16384 1e-08 0.55296
56.65 0 1e-08 0.55296
56.7 0.17408 1e-08 0.50176
56.75 0 1e-08 0.58368
56.8 0.12288 1e-08 0.47104
56.85 0.06144 1e-08 0.62464
56.9 0.09216 1e-08 0.48128
56.95 0.1024 1e-08 0.57344
57 0.07168 1e-08 0.50176
57.05 0.1024 1e-08 0.54272
57.1 0.04096 1e-08 0.53248
57.15 0.14336 1e-08 0.53248
57.2 0.06144 1e-08 0.55296
57.25 0.12288 1e-08 0.512
57.3 0.08192 1e-08 0.55296
57.35 0.1024 1e-08 0.50176
57.4 0.12288 1e-08 1e-08
57.45 0.11264 1e-08 1e-08
57.5 0.13312 1e-08 1e-08
57.55 0.11264 1e-08 1e-08
57.6 0.1024 1e-08 1e-08
57.65 0.12288 1e-08 1e-08
57.7 0.14336 1e-08 1e-08
57.75 0.09216 1e-08 1e-08
57.8 0.17408 1e-08 1e-08
57.85 0.09216 1e-08 1e-08
57.9 0.18432 1e-08 1e-08
57.95 0.09216 1e-08 1e-08
58 0.2048 1e-08 1e-08
58.05 0.09216 1e-08 1e-08
58.1 0.2048 1e-08 1e-08
58.15 0.1024 1e-08 1e-08
58.2 0.2048 1e-08 1e-08
58.25 0.11264 1e-08 1e-08
58.3 0.2048 1e-08 1e-08
58.35 0.12288 1e-08 1e-08
58.4 0.2048 1e-08 1e-08
58.45 0.13312 1e-08 1e-08
58.5 0.2048 1e-08 1e-08
58.55 0.13312 1e-08 1e-08
58.6 0.21504 1e-08 1e-08
58.65 0.13312 1e-08 1e-08
58.7 0.18432 1e-08 1e-08
58.75 0.17408 1e-08 1e-08
58.8 0.14336 1e-08 1e-08
58.85 0.2048 1e-08 1e-08
58.9 0.12288 1e-08 1e-08
58.95 0.256 1e-08 1e-08
59 0.09216 1e-08 1e-08
59.05 0.29696 1e-08 1e-08
59.1 0.09216 1e-08 1e-08
59.15 0.3072 1e-08 1e-08
59.2 0.09216 1e-08 1e-08
59.25 0.32768 1e-08 1e-08
59.3 0.09216 1e-08 1e-08
59.35 0.32768 1e-08 1e-08
59.4 0.1024 1e-08 1e-08
59.45 0.32768 1e-08 1e-08
59.5 0.11264 1e-08 1e-08
59.55 0.32768 1e-08 1e-08
59.6 0.12288 1e-08 1e-08
59.65 0.32768 1e-08 1e-08
59.7 0.13312 1e-08 1e-08
59.75 0.28672 1e-08 1e-08
59.8 0.17408 1e-08 1e-08
59.85 0.24576 1e-08 1e-08
59.9 0.22528 1e-08 1e-08
59.95 0.2048 1e-08 1e-08
60 0.27648 1e-08 1e-08
60.05 0.16384 1e-08 1e-08
60.1 0.32768 1e-08 1e-08
60.15 0.09216 1e-08 1e-08
60.2 0.38912 1e-08 1e-08
60.25 0.09216 1e-08 1e-08
60.3 0.41984 1e-08 1e-08
60.35 0.09216 1e-08 1e-08
60.4 0.44032 1e-08 1e-08
60.45 0.08192 1e-08 1e-08
60.5 0.45056 1e-08 1e-08
60.55 0.09216 1e-08 1e-08
60.6 0.45056 1e-08 1e-08
60.65 0.1024 1e-08 1e-08
60.7 0.41984 1e-08 1e-08
60.75 0.14336 1e-08 1e-08
60.8 0.36864 1e-08 1e-08
60.85 0.2048 1e-08 1e-08
60.9 0.31744 1e-08 1e-08
60.95 0.26624 1e-08 1e-08
61 0.26624 1e-08 1e-08
61.05 0.31744 1e-08 1e-08
61.1 0.22528 1e-08 1e-08
61.15 0.36864 1e-08 1e-08
61.2 0.19456 1e-08 1e-08
61.25 0.4096 1e-08 1e-08
61.3 0.1536 1e-08 1e-08
61.35 0.47104 1e-08 1e-08
61.4 0.1024 1e-08 1e-08
61.45 0.49152 1e-08 1e-08
61.5 0.09216 1e-08 1e-08
61.55 0.55296 1e-08 1e-08
61.6 0.08192 1e-08 1e-08
61.65 0.5632 1e-08 1e-08
61.7 0.09216 1e-08 1e-08
61.75 0.53248 1e-08 1e-08
61.8 0.12288 1e-08 1e-08
61.85 0.49152 1e-08 1e-08
61.9 0.18432 1e-08 1e-08
61.95 0.44032 1e-08 1e-08
62 0.24576 1e-08 1e-08
62.05 0.38912 1e-08 1e-08
62.1 0.3072 1e-08 1e-08
62.15 0.33792 1e-08 1e-08
62.2 0.36864 1e-08 1e-08
62.25 0.28672 1e-08 1e-08
62.3 0.41984 1e-08 1e-08
62.35 0.24576 1e-08 1e-08
62.4 0.48128 1e-08 1e-08
62.45 0.19456 1e-08 1e-08
62.5 0.53248 1e-08 1e-08
62.55 0.1536 1e-08 1e-08
62.6 0.58368 1e-08 1e-08
62.65 0.11264 1e-08 1e-08
62.7 0.6144 1e-08 1e-08
62.75 0.09216 1e-08 1e-08
62.8 0.62464 1e-08 1e-08
62.85 0.13312 1e-08 1e-08
62.9 0.58368 1e-08 1e-08
62.95 0.18432 1e-08 1e-08
63 0.54272 1e-08 1e-08
63.05 0.23552 1e-08 1e-08
63.1 0.50176 1e-08 1e-08
63.15 0.29696 1e-08 1e-08
63.2 0.45056 1e-08 1e-08
63.25 0.3584 1e-08 1e-08
63.3 0.39936 1e-08 1e-08
63.35 0.41984 1e-08 1e-08
63.4 0.34816 1e-08 1e-08
63.45 0.48128 1e-08 1e-08
63.5 0.3072 1e-08 1e-08
63.55 0.53248 1e-08 1e-08
63.6 0.256 1e-08 1e-08
63.65 0.58368 1e-08 1e-08
63.7 0.21504 1e-08 1e-08
63.75 0.62464 1e-08 1e-08
63.8 0.18432 1e-08 1e-08
63.85 0.62464 1e-08 1e-08
63.9 0.19456 1e-08 1e-08
63.95 0.62464 1e-08 1e-08
64 0.2048 1e-08 1e-08
64.05 0.62464 1e-08 1e-08
64.1 0.23552 1e-08 1e-08
64.15 0.60416 1e-08 1e-08
64.2 0.28672 1e-08 1e-08
64.25 0.5632 1e-08 1e-08
64.3 0.33792 1e-08 1e-08
64.35 0.52224 1e-08 1e-08
64.4 0.39936 1e-08 1e-08
64.45 0.47104 1e-08 1e-08
64.5 0.4608 1e-08 1e-08
64.55 0.41984 1e-08 1e-08
64.6 0.52224 1e-08 1e-08
64.65 0.36864 1e-08 1e-08
64.7 0.58368 1e-08 1e-08
64.75 0.31744 1e-08 1e-08
64.8 0.62464 1e-08 1e-08
64.85 0.28672 1e-08 1e-08
64.9 0.62464 1e-08 1e-08
64.95 0.29696 1e-08 1e-08
65 0.62464 1e-08 1e-08
65.05 0.3072 1e-08 1e-08
65.1 0.58368 1e-08 1e-08
65.15 0.31744 1e-08 1e-08
65.2 0.62464 1e-08 1e-08
65.25 0.34816 1e-08 1e-08
65.3 0.60416 1e-08 1e-08
65.35 0.38912 1e-08 1e-08
65.4 0.57344 1e-08 1e-08
65.45 0.44032 1e-08 1e-08
65.5 0.53248 1e-08 1e-08
65.55 0.50176 1e-08 1e-08
65.6 0.48128 1e-08 1e-08
65.65 0.55296 1e-08 1e-08
65.7 0.44032 1e-08 1e-08
65.75 0.6144 1e-08 1e-08
65.8 0.38912 1e-08 1e-08
65.85 0.62464 1e-08 1e-08
65.9 0.38912 1e-08 1e-08
65.95 0.62464 1e-08 1e-08
66 0.39936 1e-08 1e-08
66.05 0.62464 1e-08 1e-08
66.1 0.4096 1e-08 1e-08
66.15 0.63488 1e-08 1e-08
66.2 0.41984 1e-08 1e-08
66.25 0.62464 1e-08 1e-08
66.3 0.43008 1e-08 1e-08
66.35 0.62464 1e-08 1e-08
66.4 0.44032 1e-08 1e-08
66.45 0.62464 1e-08 1e-08
66.5 0.45056 1e-08 1e-08
66.55 0.62464 1e-08 1e-08
66.6 0.50176 1e-08 1e-08
66.65 0.58368 1e-08 1e-08
66.7 0.55296 1e-08 1e-08
66.75 0.54272 1e-08 1e-08
66.8 0.60416 1e-08 1e-08
66.85 0.50176 1e-08 1e-08
66.9 0.62464 1e-08 1e-08
66.95 0.49152 1e-08 1e-08
67 0.62464 1e-08 1e-08
67.05 0.50176 1e-08 1e-08
67.1 0.62464 1e-08 1e-08
67.15 0.512 1e-08 1e-08
67.2 0.62464 1e-08 1e-08
67.25 0.52224 1e-08 1e-08
67.3 0.62464 1e-08 1e-08
67.35 0.53248 1e-08 1e-08
67.4 0.62464 1e-08 1e-08
67.45 0.54272 1e-08 1e-08
67.5 0.62464 1e-08 1e-08
67.55 0.55296 1e-08 1e-08
67.6 0.62464 1e-08 1e-08
67.65 0.5632 1e-08 1e-08
67.7 0.62464 1e-08 1e-08
67.75 0.57344 1e-08 1e-08
67.8 0.62464 1e-08 1e-08
67.85 0.62464 1e-08 1e-08
67.9 0.58368 1e-08 1e-08
67.95 0.62464 1e-08 1e-08
68 0.59392 1e-08 1e-08
68.05 0.62464 1e-08 1e-08
68.1 0.60416 1e-08 1e-08
68.15 0.62464 1e-08 1e-08
68.2 0.6144 1e-08 1e-08
68.25 0.62464 1e-08 1e-08
68.3 0.62464 1e-08 1e-08
68.35 0.62464 1e-08 1e-08
68.4 0.63488 1e-08 1e-08
68.45 0.62464 1e-08 1e-08
68.5 0.62464 1e-08 1e-08
68.55 0.62464 1e-08 1e-08
68.6 0.62464 1e-08 1e-08
68.65 0.62464 1e-08 1e-08
68.7 0.62464 1e-08 1e-08
68.75 0.62464 1e-08 1e-08
68.8 0.62464 1e-08 1e-08
68.85 0.62464 1e-08 1e-08
68.9 0.62464 1e-08 1e-08
68.95 0.62464 1e-08 1e-08
69 0.62464 1e-08 1e-08
69.05 0.62464 1e-08 1e-08
69.1 0.62464 1e-08 1e-08
69.15 0.62464 1e-08 1e-08
69.2 0.62464 1e-08 1e-08
69.25 0.62464 1e-08 1e-08
69.3 0.62464 1e-08 1e-08
69.35 0.62464 1e-08 1e-08
69.4 0.62464 1e-08 1e-08
69.45 0.62464 1e-08 1e-08
69.5 0.62464 1e-08 1e-08
69.55 0.62464 1e-08 1e-08
69.6 0.62464 1e-08 1e-08
69.65 0.62464 1e-08 1e-08
69.7 0.62464 1e-08 1e-08
69.75 0.62464 1e-08 1e-08
69.8 0.62464 1e-08 1e-08
69.85 0.63488 1e-08 1e-08
69.9 0.62464 1e-08 1e-08
69.95 0.62464 1e-08 1e-08
70 0.62464 1e-08 1e-08
70.05 0.62464 1e-08 1e-08
70.1 0.6144 1e-08 1e-08
70.15 0.6144 1e-08 1e-08
70.2 0.62464 1e-08 1e-08
70.25 0.62464 1e-08 1e-08
70.3 0.62464 1e-08 1e-08
70.35 0.62464 1e-08 1e-08
70.4 0.62464 1e-08 1e-08
70.45 0.62464 1e-08 1e-08
70.5 0.62464 1e-08 1e-08
70.55 0.62464 1e-08 1e-08
70.6 0.62464 1e-08 1e-08
70.65 0.62464 1e-08 1e-08
70.7 0.62464 1e-08 1e-08
70.75 0.62464 1e-08 1e-08
70.8 0.62464 1e-08 1e-08
70.85 0.62464 1e-08 1e-08
70.9 0.62464 1e-08 1e-08
70.95 0.62464 1e-08 1e-08
71 0.62464 1e-08 1e-08
71.05 0.62464 1e-08 1e-08
71.1 0.62464 1e-08 1e-08
71.15 0.62464 1e-08 1e-08
71.2 0.62464 1e-08 1e-08
71.25 0.63488 1e-08 1e-08
71.3 0.62464 1e-08 1e-08
71.35 0.62464 1e-08 1e-08
