0 1
0.1 1
0.2 1
0.3 1
0.4 1
0.5 1
0.6 1
0.7 1
0.8 1
0.9 1
1 1
1.1 16
1.2 33.691
1.3 37.0024
1.4 36.431
1.5 35.9898
1.6 35.9905
1.7 36.7063
1.8 37.0054
1.9 36.925
2 36.2145
2.1 35.9936
2.2 36.2159
2.3 36.9002
2.4 37.0092
2.5 36.7386
2.6 36.0245
2.7 35.9975
2.8 36.4124
2.9 37.0122
3 37.0129
3.1 36.5239
3.2 36.0006
3.3 36.0006
3.4 36.0006
3.5 36.0006
3.6 36.0006
3.7 36.0006
3.8 36.0006
3.9 36.0006
4 36.0006
4.1 36.0006
4.2 36.0006
4.3 36.0006
4.4 36.0006
4.5 36.0006
4.6 36.0006
4.7 36.0006
4.8 36.0006
4.9 36.0006
5 36.0006
5.1 36.0006
5.2 36.0006
5.3 36.0006
5.4 36.0006
5.5 36.0006
5.6 36.0006
5.7 36.0006
5.8 36.0006
5.9 36.0006
6 36.0006
6.1 36.0006
6.2 36.0006
6.3 36.0006
6.4 36.0006
6.5 36.0006
6.6 36.0006
6.7 36.0006
6.8 36.0006
6.9 36.0006
7 36.0006
7.1 36.0006
7.2 36.0006
7.3 36.0006
7.4 36.0006
7.5 36.0006
7.6 36.0006
7.7 36.0006
7.8 36.0006
7.9 36.0006
8 36.0006
8.1 36.0006
8.2 36.0006
8.3 36.0006
8.4 36.0006
8.5 36.0006
8.6 36.0006
8.7 36.0006
8.8 36.0006
8.9 36.0006
9 36.0006
9.1 36.0006
9.2 36.0006
9.3 36.0006
9.4 36.0006
9.5 36.0006
9.6 36.0006
9.7 36.0006
9.8 36.0006
9.9 36.0006
10 36.0006
10.1 36.0006
10.2 36.0006
10.3 36.0006
10.4 36.0006
10.5 36.0006
10.6 36.0006
10.7 36.0006
10.8 36.0006
10.9 36.0006
11 36.0006
11.1 36.0006
11.2 36.0006
11.3 36.0006
11.4 36.0006
11.5 36.0006
11.6 36.0006
11.7 36.0006
11.8 36.0006
11.9 36.0006
12 36.0006
12.1 36.0006
12.2 36.0006
12.3 36.0006
12.4 36.0006
12.5 36.0006
12.6 36.0006
12.7 36.0006
12.8 36.0006
12.9 36.0006
13 36.0006
13.1 36.0006
13.2 36.0006
13.3 36.0006
13.4 36.0006
13.5 36.0006
13.6 36.0006
13.7 36.0006
13.8 36.0006
13.9 36.0006
14 36.0006
14.1 36.0006
14.2 36.0006
14.3 36.0006
14.4 36.0006
14.5 36.0006
14.6 36.0006
14.7 36.0006
14.8 36.0006
14.9 36.0006
15 36.0006
15.1 36.0006
15.2 36.0006
15.3 36.0006
15.4 36.0006
15.5 36.0006
15.6 36.0006
15.7 36.0006
15.8 36.0006
15.9 36.0006
16 36.0006
16.1 36.0006
16.2 36.0006
16.3 36.0006
16.4 36.0006
16.5 36.0006
16.6 36.0006
16.7 36.0006
16.8 36.0006
16.9 36.0006
17 36.0006
