0 -nan
0.1 -nan
0.2 -nan
0.3 -nan
0.4 -nan
0.5 -nan
0.6 -nan
0.7 -nan
0.8 -nan
0.9 -nan
1 -nan
1.1 21.5506
1.2 25.6918
1.3 27.7932
1.4 29.6307
1.5 29.6024
1.6 29.4882
1.7 29.3137
1.8 29.4091
1.9 29.5099
2 29.6628
2.1 29.5487
2.2 29.4345
2.3 29.3218
2.4 29.4561
2.5 29.5569
2.6 29.6628
2.7 29.5017
2.8 29.3875
2.9 29.3353
3 29.4882
3.1 29.6106
3.2 29.6225
3.3 29.4912
3.4 29.4912
3.5 29.4912
3.6 29.4912
3.7 29.4912
3.8 29.4912
3.9 29.4912
4 29.4912
4.1 29.4912
4.2 29.4912
4.3 29.4912
4.4 29.4912
4.5 29.4912
4.6 29.4912
4.7 29.4912
4.8 29.4912
4.9 29.4912
5 29.4912
5.1 29.4912
5.2 29.4912
5.3 29.4912
5.4 29.4912
5.5 29.4912
5.6 29.4912
5.7 29.4912
5.8 29.4912
5.9 29.4912
6 29.4912
6.1 29.4912
6.2 29.4912
6.3 29.4912
6.4 29.4912
6.5 29.4912
6.6 29.4912
6.7 29.4912
6.8 29.4912
6.9 29.4912
7 29.4912
7.1 29.4912
7.2 29.4912
7.3 29.4912
7.4 29.4912
7.5 29.4912
7.6 29.4912
7.7 29.4912
7.8 29.4912
7.9 29.4912
8 29.4912
8.1 29.4912
8.2 29.4912
8.3 29.4912
8.4 29.4912
8.5 29.4912
8.6 29.4912
8.7 29.4912
8.8 29.4912
8.9 29.4912
9 29.4912
9.1 29.4912
9.2 29.4912
9.3 29.4912
9.4 29.4912
9.5 29.4912
9.6 29.4912
9.7 29.4912
9.8 29.4912
9.9 29.4912
10 29.4912
10.1 29.4912
10.2 29.4912
10.3 29.4912
10.4 29.4912
10.5 29.4912
10.6 29.4912
10.7 29.4912
10.8 29.4912
10.9 29.4912
11 29.4912
11.1 29.4912
11.2 29.4912
11.3 29.4912
11.4 29.4912
11.5 29.4912
11.6 29.4912
11.7 29.4912
11.8 29.4912
11.9 29.4912
12 29.4912
12.1 29.4912
12.2 29.4912
12.3 29.4912
12.4 29.4912
12.5 29.4912
12.6 29.4912
12.7 29.4912
12.8 29.4912
12.9 29.4912
13 29.4912
13.1 29.4912
13.2 29.4912
13.3 29.4912
13.4 29.4912
13.5 29.4912
13.6 29.4912
13.7 29.4912
13.8 29.4912
13.9 29.4912
14 29.4912
14.1 29.4912
14.2 29.4912
14.3 29.4912
14.4 29.4912
14.5 29.4912
14.6 29.4912
14.7 29.4912
14.8 29.4912
14.9 29.4912
15 29.4912
15.1 29.4912
15.2 29.4912
15.3 29.4912
15.4 29.4912
15.5 29.4912
15.6 29.4912
15.7 29.4912
15.8 29.4912
15.9 29.4912
16 29.4912
16.1 29.4912
16.2 29.4912
16.3 29.4912
16.4 29.4912
16.5 29.4912
16.6 29.4912
16.7 29.4912
16.8 29.4912
16.9 29.4912
17 29.4912
