0 0
0.1 0
0.2 0
0.3 0
0.4 0
0.5 0
0.6 0
0.7 0
0.8 0
0.9 0
1 0
1.1 0.0768
1.2 0.55296
1.3 0.62464
1.4 0.62464
1.5 0.62464
1.6 0.62464
1.7 0.62464
1.8 0.62464
1.9 0.62464
2 0.62464
2.1 0.62464
2.2 0.62464
2.3 0.62976
2.4 0.62464
2.5 0.62464
2.6 0.62464
2.7 0.62464
2.8 0.62464
2.9 0.62464
3 0.62464
3.1 0.62464
3.2 0.62464
3.3 0.62464
3.4 0.62464
3.5 0.62464
3.6 0.62464
3.7 0.62976
3.8 0.62464
3.9 0.62464
4 0.62464
4.1 0.62464
4.2 0.62464
4.3 0.62464
4.4 0.62464
4.5 0.62464
4.6 0.62464
4.7 0.62464
4.8 0.62464
4.9 0.62464
5 0.62464
5.1 0.62976
5.2 0.62464
5.3 0.62464
5.4 0.62464
5.5 0.62464
5.6 0.62464
5.7 0.62464
5.8 0.62464
5.9 0.62464
6 0.62464
6.1 0.62464
6.2 0.62464
6.3 0.62464
6.4 0.62464
6.5 0.62976
6.6 0.62464
6.7 0.62464
6.8 0.62464
6.9 0.62464
7 0.62464
7.1 0.62464
7.2 0.62464
7.3 0.62464
7.4 0.62464
7.5 0.62464
7.6 0.62464
7.7 0.62464
7.8 0.62464
7.9 0.62464
8 0.62976
8.1 0.62464
8.2 0.62464
8.3 0.62464
8.4 0.62464
8.5 0.62464
8.6 0.62464
8.7 0.62464
8.8 0.62464
8.9 0.62464
9 0.62464
9.1 0.62464
9.2 0.62464
9.3 0.62464
9.4 0.62976
9.5 0.62464
9.6 0.62464
9.7 0.62464
9.8 0.62464
9.9 0.62464
10 0.62464
10.1 0.62464
10.2 0.62464
10.3 0.62464
10.4 0.62464
10.5 0.62464
10.6 0.62464
10.7 0.62464
10.8 0.62976
10.9 0.62464
11 0.62464
11.1 0.62464
11.2 0.62464
11.3 0.62464
11.4 0.62464
11.5 0.62464
11.6 0.62464
11.7 0.62464
11.8 0.62464
11.9 0.62464
12 0.62464
12.1 0.62464
12.2 0.62976
12.3 0.62464
12.4 0.62464
12.5 0.62464
12.6 0.62464
12.7 0.62464
12.8 0.62464
12.9 0.62464
13 0.62464
13.1 0.62464
13.2 0.62464
13.3 0.62464
13.4 0.62464
13.5 0.62464
13.6 0.62976
13.7 0.62464
13.8 0.62464
13.9 0.62464
14 0.62464
14.1 0.62464
14.2 0.62464
14.3 0.62464
14.4 0.62464
14.5 0.62464
14.6 0.62464
14.7 0.62464
14.8 0.62464
14.9 0.62464
15 0.62464
15.1 0.62976
15.2 0.62464
15.3 0.62464
15.4 0.62464
15.5 0.62464
15.6 0.62464
15.7 0.62464
15.8 0.62464
15.9 0.62464
16 0.62464
16.1 0.62464
16.2 0.62464
16.3 0.62464
16.4 0.62464
16.5 0.62976
16.6 0.62464
16.7 0.62464
16.8 0.62464
16.9 0.62464
17 0.62464
