0 0
0.1 0
0.2 0
0.3 0
0.4 0
0.5 0
0.6 0
0.7 0
0.8 0
0.9 0
1 0.08192
1.1 2.4576
1.2 10.24
1.3 10.3219
1.4 9.91232
1.5 9.91232
1.6 9.99424
1.7 10.0762
1.8 10.0762
1.9 9.91232
2 9.99424
2.1 9.91232
2.2 10.0762
2.3 10.0762
2.4 10.0762
2.5 9.91232
2.6 9.99424
2.7 9.91232
2.8 10.0762
2.9 10.0762
3 9.99424
3.1 9.91232
3.2 9.99424
3.3 9.99424
3.4 9.99424
3.5 9.99424
3.6 9.99424
3.7 10.0762
3.8 9.99424
3.9 9.99424
4 9.99424
4.1 9.99424
4.2 9.99424
4.3 9.99424
4.4 9.99424
4.5 9.99424
4.6 9.99424
4.7 9.99424
4.8 9.99424
4.9 9.99424
5 9.99424
5.1 10.0762
5.2 9.99424
5.3 9.99424
5.4 9.99424
5.5 9.99424
5.6 9.99424
5.7 9.99424
5.8 9.99424
5.9 9.99424
6 9.99424
6.1 9.99424
6.2 9.99424
6.3 9.99424
6.4 9.99424
6.5 10.0762
6.6 9.99424
6.7 9.99424
6.8 9.99424
6.9 9.99424
7 9.99424
7.1 9.99424
7.2 9.99424
7.3 9.99424
7.4 9.99424
7.5 9.99424
7.6 9.99424
7.7 9.99424
7.8 9.99424
7.9 9.99424
8 10.0762
8.1 9.99424
8.2 9.99424
8.3 9.99424
8.4 9.99424
8.5 9.99424
8.6 9.99424
8.7 9.99424
8.8 9.99424
8.9 9.99424
9 9.99424
9.1 9.99424
9.2 9.99424
9.3 9.99424
9.4 10.0762
9.5 9.99424
9.6 9.99424
9.7 9.99424
9.8 9.99424
9.9 9.99424
10 9.99424
10.1 9.99424
10.2 9.99424
10.3 9.99424
10.4 9.99424
10.5 9.99424
10.6 9.99424
10.7 9.99424
10.8 10.0762
10.9 9.99424
11 9.99424
11.1 9.99424
11.2 9.99424
11.3 9.99424
11.4 9.99424
11.5 9.99424
11.6 9.99424
11.7 9.99424
11.8 9.99424
11.9 9.99424
12 9.99424
12.1 9.99424
12.2 10.0762
12.3 9.99424
12.4 9.99424
12.5 9.99424
12.6 9.99424
12.7 9.99424
12.8 9.99424
12.9 9.99424
13 9.99424
13.1 9.99424
13.2 9.99424
13.3 9.99424
13.4 9.99424
13.5 9.99424
13.6 10.0762
13.7 9.99424
13.8 9.99424
13.9 9.99424
14 9.99424
14.1 9.99424
14.2 9.99424
14.3 9.99424
14.4 9.99424
14.5 9.99424
14.6 9.99424
14.7 9.99424
14.8 9.99424
14.9 9.99424
15 9.99424
15.1 10.0762
15.2 9.99424
15.3 9.99424
15.4 9.99424
15.5 9.99424
15.6 9.99424
15.7 9.99424
15.8 9.99424
15.9 9.99424
16 9.99424
16.1 9.99424
16.2 9.99424
16.3 9.99424
16.4 9.99424
16.5 10.0762
16.6 9.99424
16.7 9.99424
16.8 9.99424
16.9 9.99424
17 9.99424
