0 0
0.1 0
0.2 0
0.3 0
0.4 0
0.5 0
0.6 0
0.7 0
0.8 0
0.9 0
1 1024
1.1 0
1.2 9216
1.3 13312
1.4 12288
1.5 11264
1.6 10240
1.7 11264
1.8 12288
1.9 11328
2 11264
2.1 10240
2.2 11264
2.3 12288
2.4 13312
2.5 12288
2.6 12288
2.7 11264
2.8 12288
2.9 13312
3 12288
3.1 11264
3.2 11264
3.3 11328
3.4 11264
3.5 11264
3.6 11264
3.7 12288
3.8 12288
3.9 12288
4 12288
4.1 12288
4.2 12288
4.3 12288
4.4 11264
4.5 11264
4.6 11264
4.7 11328
4.8 11264
4.9 11264
5 11264
5.1 12288
5.2 12288
5.3 12288
5.4 12288
5.5 12288
5.6 12288
5.7 12288
5.8 12288
5.9 11264
6 11264
6.1 11264
6.2 11264
6.3 11264
6.4 11264
6.5 12288
6.6 12288
6.7 12288
6.8 12288
6.9 12288
7 12288
7.1 12288
7.2 12288
7.3 11264
7.4 11264
7.5 11264
7.6 11328
7.7 11264
7.8 11264
7.9 11264
8 12288
8.1 12288
8.2 12288
8.3 12288
8.4 12288
8.5 12288
8.6 12288
8.7 11264
8.8 11264
8.9 11264
9 11328
9.1 11264
9.2 11264
9.3 11264
9.4 12288
9.5 12288
9.6 12288
9.7 12288
9.8 12288
9.9 12288
10 12288
10.1 11264
10.2 11264
10.3 11264
10.4 11328
10.5 11264
10.6 11264
10.7 11264
10.8 12288
10.9 12288
11 12288
11.1 12288
11.2 12288
11.3 12288
11.4 12288
11.5 11264
11.6 11264
11.7 11264
11.8 11328
11.9 11264
12 11264
12.1 11264
12.2 12288
12.3 12288
12.4 12288
12.5 12288
12.6 12288
12.7 12288
12.8 12288
12.9 12288
13 11264
13.1 11264
13.2 11264
13.3 11328
13.4 11264
13.5 11264
13.6 12288
13.7 12288
13.8 12288
13.9 12288
14 12288
14.1 12288
14.2 12288
14.3 12288
14.4 11264
14.5 11264
14.6 11264
14.7 11328
14.8 11264
14.9 11264
15 11264
15.1 12288
15.2 12288
15.3 12288
15.4 12288
15.5 12288
15.6 12288
15.7 12288
15.8 11264
15.9 11264
16 11264
16.1 11328
16.2 11264
16.3 11264
16.4 11264
16.5 12288
16.6 12288
16.7 12288
16.8 12288
16.9 12288
17 12288
