0 1
0.1 1
0.2 1
0.3 1
0.4 1
0.5 1
0.6 2
0.7 4
0.8 8
0.9 16
1 34
1.1 86
1.2 119.436
1.3 120.453
1.4 121.462
1.5 122.462
1.6 123.455
1.7 124.439
1.8 125.416
1.9 126.385
2 127.346
2.1 128.301
2.2 129.248
2.3 130.189
2.4 131.122
2.5 132.05
2.6 132.978
2.7 133.892
2.8 134.8
2.9 135.702
3 136.598
3.1 137.489
3.2 138.373
3.3 139.252
3.4 140.126
3.5 140.994
3.6 141.856
3.7 142.714
3.8 143.566
3.9 144.413
4 145.263
4.1 146.1
4.2 146.933
4.3 147.761
4.4 147.422
4.5 146.96
4.6 147.164
4.7 147.991
4.8 147.191
4.9 146.96
5 147.395
5.1 147.571
5.2 122
5.3 102
5.4 120.167
5.5 120.872
5.6 121.877
5.7 122.874
5.8 123.863
5.9 124.844
6 125.818
6.1 126.784
6.2 127.742
6.3 128.694
6.4 129.638
6.5 130.576
6.6 131.507
6.7 132.432
6.8 133.35
6.9 134.261
7 135.174
7.1 136.074
7.2 136.968
7.3 137.856
7.4 138.738
7.5 139.614
7.6 140.485
7.7 141.351
7.8 142.212
7.9 143.067
8 143.917
8.1 144.763
8.2 145.603
8.3 146.438
8.4 147.276
8.5 147.913
8.6 147.086
8.7 146.963
8.8 147.52
8.9 147.669
9 146.963
9.1 146.963
9.2 147.764
9.3 147.425
9.4 146.963
9.5 147.181
9.6 148.008
9.7 147.181
9.8 146.957
9.9 147.432
10 147.758
10.1 147.004
10.2 152.5
10.3 119.567
10.4 119.592
10.5 120.608
10.6 121.615
10.7 122.614
10.8 123.605
10.9 124.589
11 125.564
11.1 126.532
11.2 127.492
11.3 128.446
11.4 129.392
11.5 130.332
11.6 131.264
11.7 132.191
11.8 133.11
11.9 134.031
12 134.938
12.1 135.84
12.2 136.735
12.3 137.624
12.4 138.508
12.5 139.386
12.6 140.258
12.7 141.126
12.8 141.987
12.9 142.844
13 143.696
13.1 144.542
13.2 145.384
13.3 146.227
13.4 147.059
13.5 147.887
13.6 147.304
13.7 146.964
13.8 147.304
13.9 147.887
14 147.06
14.1 146.964
14.2 147.548
14.3 147.643
14.4 146.964
14.5 146.964
14.6 147.792
14.7 147.392
14.8 146.958
14.9 147.216
15 147.975
15.1 147.182
15.2 136.5
15.3 114.5
15.4 119.559
15.5 120.492
15.6 121.5
15.7 122.5
15.8 123.492
15.9 124.476
16 125.452
16.1 126.421
16.2 127.39
16.3 128.345
16.4 129.292
16.5 130.232
16.6 131.165
16.7 132.092
16.8 133.013
16.9 133.927
17 134.835
17.1 135.736
17.2 136.632
17.3 137.522
17.4 138.407
