0 0
0.1 0
0.2 0
0.3 0
0.4 0
0.5 0
0.6 0.24576
0.7 0.32768
0.8 0.65536
0.9 1.31072
1 2.94912
1.1 8.51968
1.2 9.66656
1.3 10.0762
1.4 10.0762
1.5 10.0762
1.6 10.0762
1.7 10.0762
1.8 10.0762
1.9 10.0762
2 10.0762
2.1 10.0762
2.2 10.0762
2.3 10.0762
2.4 10.0762
2.5 10.0762
2.6 10.0762
2.7 10.0762
2.8 10.0762
2.9 10.0762
3 10.0762
3.1 10.0762
3.2 10.0762
3.3 10.0762
3.4 10.0762
3.5 9.99424
3.6 10.0762
3.7 10.0762
3.8 10.0762
3.9 10.0762
4 10.1581
4.1 10.0762
4.2 9.99424
4.3 10.0762
4.4 9.99424
4.5 9.91232
4.6 10.0762
4.7 9.99424
4.8 9.99424
4.9 9.91232
5 10.0762
5.1 9.8304
5.2 9.91232
5.3 12.2061
5.4 8.27392
5.5 10.0762
5.6 10.0762
5.7 10.0762
5.8 10.0762
5.9 10.0762
6 10.0762
6.1 10.0762
6.2 10.0762
6.3 10.0762
6.4 10.0762
6.5 10.0762
6.6 10.0762
6.7 10.0762
6.8 10.0762
6.9 10.0762
7 10.1581
7.1 10.0762
7.2 9.99424
7.3 10.0762
7.4 10.0762
7.5 10.0762
7.6 10.0762
7.7 10.0762
7.8 10.0762
7.9 10.0762
8 9.99424
8.1 10.0762
8.2 10.0762
8.3 10.0762
8.4 10.1581
8.5 9.99424
8.6 9.99424
8.7 9.91232
8.8 10.0762
8.9 9.99424
9 9.91232
9.1 9.99424
9.2 10.0762
9.3 9.99424
9.4 9.91232
9.5 10.0762
9.6 10.0762
9.7 9.91232
9.8 9.99424
9.9 10.0762
10 9.99424
10.1 10.0762
10.2 12.4518
10.3 7.45472
10.4 10.0762
10.5 10.0762
10.6 10.0762
10.7 10.0762
10.8 10.0762
10.9 10.0762
11 10.0762
11.1 10.0762
11.2 10.0762
11.3 10.0762
11.4 10.0762
11.5 10.0762
11.6 10.0762
11.7 10.0762
11.8 10.0762
11.9 10.1581
12 9.99424
12.1 10.0762
12.2 10.0762
12.3 10.0762
12.4 10.0762
12.5 10.0762
12.6 10.0762
12.7 10.0762
12.8 9.99424
12.9 10.0762
13 10.0762
13.1 10.0762
13.2 10.0762
13.3 10.1581
13.4 10.0762
13.5 9.99424
13.6 9.99424
13.7 9.91232
13.8 10.0762
13.9 9.99424
14 9.99424
14.1 9.91232
14.2 10.0762
14.3 9.99424
14.4 9.91232
14.5 9.99424
14.6 10.0762
14.7 10.0762
14.8 9.91232
14.9 10.0762
15 9.99424
15.1 9.8304
15.2 11.1411
15.3 9.66656
15.4 9.33888
15.5 10.0762
15.6 10.0762
15.7 10.0762
15.8 10.0762
15.9 10.0762
16 10.0762
16.1 10.0762
16.2 10.1581
16.3 10.0762
16.4 10.0762
16.5 10.0762
16.6 10.0762
16.7 10.0762
16.8 10.0762
16.9 9.99424
17 10.0762
17.1 10.0762
17.2 10.0762
17.3 10.0762
17.4 10.0762
