0 -nan
0.1 -nan
0.2 -nan
0.3 -nan
0.4 -nan
0.5 -nan
0.6 43.0037
0.7 42.9133
0.8 43.8691
0.9 45.7805
1 49.0573
1.1 55.6109
1.2 61.3453
1.3 63.4875
1.4 58.0006
1.5 58.8265
1.6 59.639
1.7 60.4515
1.8 61.2506
1.9 62.0496
2 62.8353
2.1 63.6209
2.2 64.3931
2.3 65.1653
2.4 65.924
2.5 66.6864
2.6 67.4349
2.7 68.1802
2.8 68.9121
2.9 69.644
3 70.4043
3.1 71.1817
3.2 71.9002
3.3 72.6052
3.4 73.3103
3.5 74.0019
3.6 74.6935
3.7 75.3717
3.8 76.1387
3.9 76.8698
4 77.5406
4.1 78.2053
4.2 78.8567
4.3 79.508
4.4 80.2347
4.5 80.2332
4.6 79.6975
4.7 79.7363
4.8 80.2332
4.9 80.2347
5 79.4692
5.1 76.4911
5.2 67.9158
5.3 60.5378
5.4 87.2862
5.5 58.1163
5.6 58.3431
5.7 59.1623
5.8 59.9681
5.9 60.7738
6 61.5662
6.1 62.3585
6.2 63.1374
6.3 63.9163
6.4 64.6818
6.5 65.4891
6.6 66.2665
6.7 67.0185
6.8 67.7706
6.9 68.5113
7 69.2546
7.1 69.9798
7.2 70.7049
7.3 71.4167
7.4 72.1285
7.5 72.8619
7.6 73.646
7.7 74.3443
7.8 75.0293
7.9 75.7142
8 76.3856
8.1 77.0571
8.2 77.7771
8.3 78.5349
8.4 79.1991
8.5 79.8437
8.6 80.2466
8.7 80.1675
8.8 79.4155
8.9 80.0855
9 80.2466
9.1 79.9258
9.2 79.508
9.3 80.2347
9.4 80.2466
9.5 79.6841
9.6 79.7497
9.7 80.2465
9.8 80.2347
9.9 79.4356
10 79.9982
10.1 77.1826
10.2 63.3049
10.3 66.2974
10.4 80.4638
10.5 57.3359
10.6 58.1282
10.7 58.9474
10.8 59.7532
10.9 60.5739
11 61.3782
11.1 62.1705
11.2 62.9628
11.3 63.7417
11.4 64.5207
11.5 65.2861
11.6 66.0516
11.7 66.8037
11.8 67.5589
11.9 68.3011
12 69.0397
12.1 69.7649
12.2 70.4901
12.3 71.2235
12.4 72.021
12.5 72.7328
12.6 73.4311
12.7 74.1295
12.8 74.8144
12.9 75.4993
13 76.1708
13.1 76.9579
13.2 77.6624
13.3 78.3262
13.4 78.9842
13.5 79.6289
13.6 80.2466
13.7 80.2347
13.8 79.5632
13.9 79.8706
14 80.2466
14.1 80.1407
14.2 79.4155
14.3 80.1123
14.4 80.2466
14.5 79.8989
14.6 79.5405
14.7 80.2347
14.8 80.2466
14.9 79.6505
15 79.7833
15.1 77.1953
15.2 66.2061
15.3 62.8462
15.4 83.997
15.5 57.3224
15.6 58.0342
15.7 58.8534
15.8 59.6726
15.9 60.4784
16 61.2841
16.1 62.0776
16.2 62.8755
16.3 63.6545
16.4 64.4334
16.5 65.1989
16.6 65.9643
16.7 66.7164
16.8 67.4684
16.9 68.2071
17 68.9457
17.1 69.6709
17.2 70.4043
17.3 71.2153
17.4 71.927
