0 0
0.1 0
0.2 0
0.3 0
0.4 0
0.5 0
0.6 2
0.7 4
0.8 8
0.9 16
1 34
1.1 86
1.2 119
1.3 120
1.4 121
1.5 122
1.6 123
1.7 124
1.8 125
1.9 126
2 127
2.1 128
2.2 129
2.3 130
2.4 131
2.5 132
2.6 132
2.7 133
2.8 134
2.9 135
3 136
3.1 137
3.2 138
3.3 139
3.4 140
3.5 140
3.6 141
3.7 142
3.8 143
3.9 144
4 145
4.1 146
4.2 146
4.3 147
4.4 147
4.5 146
4.6 147
4.7 147
4.8 147
4.9 146
5 147
5.1 147
5.2 122
5.3 141
5.4 120
5.5 120
5.6 121
5.7 122
5.8 123
5.9 124
6 125
6.1 126
6.2 127
6.3 128
6.4 129
6.5 130
6.6 131
6.7 132
6.8 133
6.9 134
7 135
7.1 136
7.2 136
7.3 137
7.4 138
7.5 139
7.6 140
7.7 141
7.8 142
7.9 143
8 143
8.1 144
8.2 145
8.3 146
8.4 147
8.5 147
8.6 147
8.7 146
8.8 147
8.9 147
9 146
9.1 146
9.2 147
9.3 147
9.4 146
9.5 147
9.6 148
9.7 147
9.8 146
9.9 147
10 147
10.1 147
10.2 152
10.3 119
10.4 119
10.5 120
10.6 121
10.7 122
10.8 123
10.9 124
11 125
11.1 126
11.2 127
11.3 128
11.4 129
11.5 130
11.6 131
11.7 132
11.8 133
11.9 134
12 134
12.1 135
12.2 136
12.3 137
12.4 138
12.5 139
12.6 140
12.7 141
12.8 141
12.9 142
13 143
13.1 144
13.2 145
13.3 146
13.4 147
13.5 147
13.6 147
13.7 146
13.8 147
13.9 147
14 147
14.1 146
14.2 147
14.3 147
14.4 146
14.5 146
14.6 147
14.7 147
14.8 146
14.9 147
15 147
15.1 147
15.2 136
15.3 127
15.4 119
15.5 120
15.6 121
15.7 122
15.8 123
15.9 124
16 125
16.1 126
16.2 127
16.3 128
16.4 129
16.5 130
16.6 131
16.7 132
16.8 133
16.9 133
17 134
17.1 135
17.2 136
17.3 137
17.4 138
