0 0 0
0.1 0 0
0.2 0 0
0.3 0 0
0.4 0 0
0.5 0 0
0.6 0.00512 0.08192
0.7 0.01024 0.16384
0.8 0.02048 0.98304
0.9 0.04096 1.31072
1 0.09216 2.62144
1.1 0.26624 5.24288
1.2 0.4352 7.53664
1.3 0.62464 9.99424
1.4 0.62464 9.99424
1.5 0.62464 9.99424
1.6 0.62464 9.99424
1.7 0.62464 9.99424
1.8 0.62464 9.99424
1.9 0.62464 9.99424
2 0.62464 9.99424
2.1 0.62464 9.99424
2.2 0.62464 9.99424
2.3 0.62464 9.99424
2.4 0.62464 9.99424
2.5 0.62464 10.0762
2.6 0.62976 9.99424
2.7 0.62464 9.99424
2.8 0.62464 9.99424
2.9 0.62464 9.99424
3 0.62464 9.99424
3.1 0.62464 9.99424
3.2 0.62464 9.99424
3.3 0.62464 9.99424
3.4 0.62464 9.99424
3.5 0.62464 9.99424
3.6 0.62464 9.99424
3.7 0.62464 9.99424
3.8 0.62464 9.99424
3.9 0.62464 10.0762
4 0.62976 9.99424
4.1 0.62464 9.99424
4.2 0.62464 9.99424
4.3 0.62464 9.99424
4.4 0.62464 9.99424
4.5 0.62464 9.99424
4.6 0.62464 9.99424
4.7 0.62464 9.99424
4.8 0.62464 9.99424
4.9 0.62464 9.99424
5 0.62464 9.99424
5.1 0.6144 10.5677
5.2 0.74752 11.9603
5.3 0.6656 9.91232
5.4 0.62464 9.99424
5.5 0.62976 10.0762
5.6 0.62464 9.99424
5.7 0.62464 9.99424
5.8 0.62464 9.99424
5.9 0.62464 9.99424
6 0.62464 9.99424
6.1 0.62464 9.99424
6.2 0.62464 9.99424
6.3 0.62464 9.99424
6.4 0.62464 9.99424
6.5 0.62464 9.99424
6.6 0.62464 9.99424
6.7 0.62464 9.99424
6.8 0.62464 9.99424
6.9 0.62464 10.0762
7 0.62976 9.99424
7.1 0.62464 9.99424
7.2 0.62464 9.99424
7.3 0.62464 9.99424
7.4 0.62464 9.99424
7.5 0.62464 9.99424
7.6 0.62464 9.99424
7.7 0.62464 9.99424
7.8 0.62464 9.99424
7.9 0.62464 9.99424
8 0.62464 9.99424
8.1 0.62464 9.99424
8.2 0.62464 9.99424
8.3 0.62464 10.0762
8.4 0.62976 9.99424
8.5 0.62464 9.99424
8.6 0.62464 9.99424
8.7 0.62464 9.99424
8.8 0.62464 9.99424
8.9 0.62464 9.99424
9 0.62464 9.99424
9.1 0.62464 9.99424
9.2 0.62464 9.99424
9.3 0.62464 9.99424
9.4 0.62464 9.99424
9.5 0.62464 9.99424
9.6 0.62464 9.99424
9.7 0.62464 10.0762
9.8 0.62976 9.99424
9.9 0.62464 9.99424
10 0.62464 9.99424
10.1 0.62976 10.8954
10.2 0.75264 12.0422
10.3 0.63488 9.33888
10.4 0.62976 10.0762
10.5 0.62464 9.99424
10.6 0.62464 9.99424
10.7 0.62464 9.99424
10.8 0.62464 9.99424
10.9 0.62464 9.99424
11 0.62464 9.99424
11.1 0.62464 9.99424
11.2 0.62464 9.99424
11.3 0.62464 9.99424
11.4 0.62464 9.99424
11.5 0.62464 9.99424
11.6 0.62464 9.99424
11.7 0.62464 9.99424
11.8 0.62464 10.0762
11.9 0.62976 9.99424
12 0.62464 9.99424
12.1 0.62464 9.99424
12.2 0.62464 9.99424
12.3 0.62464 9.99424
12.4 0.62464 9.99424
12.5 0.62464 9.99424
12.6 0.62464 9.99424
12.7 0.62464 9.99424
12.8 0.62464 9.99424
12.9 0.62464 9.99424
13 0.62464 9.99424
13.1 0.62464 9.99424
13.2 0.62464 10.0762
13.3 0.62976 9.99424
13.4 0.62464 9.99424
13.5 0.62464 9.99424
13.6 0.62464 9.99424
13.7 0.62464 9.99424
13.8 0.62464 9.99424
13.9 0.62464 9.99424
14 0.62464 9.99424
14.1 0.62464 9.99424
14.2 0.62464 9.99424
14.3 0.62464 9.99424
14.4 0.62464 9.99424
14.5 0.62464 9.99424
14.6 0.62464 10.0762
14.7 0.62976 9.99424
14.8 0.62464 9.99424
14.9 0.62464 9.99424
15 0.62464 9.99424
15.1 0.6144 10.6496
15.2 0.75264 11.9603
15.3 0.65024 9.66656
15.4 0.62464 9.99424
15.5 0.62464 9.99424
15.6 0.62464 9.99424
15.7 0.62464 9.99424
15.8 0.62464 9.99424
15.9 0.62464 9.99424
16 0.62464 9.99424
16.1 0.62464 10.0762
16.2 0.62976 9.99424
16.3 0.62464 9.99424
16.4 0.62464 9.99424
16.5 0.62464 9.99424
16.6 0.62464 9.99424
16.7 0.62464 9.99424
16.8 0.62464 9.99424
16.9 0.62464 9.99424
17 0.62464 9.99424
17.1 0.62464 9.99424
17.2 0.62464 9.99424
17.3 0.62464 9.99424
17.4 0.62464 9.99424
