0 0 0 0 0 0 0
0.1 0.8192 0.90112 0.90112 0.90112 0.90112 0.8192
0.2 0 0 0 0 0 0
0.3 0 0 0 0 0 0
0.4 0 0 0 0 0 0
0.5 0 0 0 0 0 0
0.6 0.25088 0.25088 0 0.08704 0 0.08704
0.7 0.33792 0.33792 0 0.50176 0 0.256
0.8 0.67584 0.67584 0 0.67584 0 0.96256
0.9 1.35168 1.37728 0 1.4336 0 1.39264
1 2.85696 2.81088 0 2.78528 0 2.78528
1.1 7.4752 6.1696 0 5.54496 0 5.57056
1.2 11.5763 10.4243 0 10.0147 0 8.99072
1.3 10.7008 10.6189 0 10.6189 0 10.6189
1.4 10.7008 10.6189 0 10.6189 0 10.6189
1.5 10.7008 10.6189 0 10.624 0 10.6189
1.6 10.7008 10.6189 0 10.6189 0 10.6189
1.7 10.7008 10.6189 0 10.6189 0 10.6189
1.8 10.7008 10.7008 0 10.6189 0 10.6189
1.9 10.7008 10.624 0 10.6189 0 10.6189
2 10.7008 10.6189 0 10.6189 0 10.6189
2.1 10.7008 10.6189 0 10.7008 0 10.6189
2.2 10.7008 10.6189 0 10.6189 0 10.7008
2.3 10.7878 10.6189 0 10.6189 0 10.6189
2.4 10.7008 10.6189 0 10.6189 0 10.6189
2.5 10.7008 10.6189 0 10.6189 0 10.6189
2.6 10.6189 10.6189 0 10.6189 0 10.624
2.7 10.7008 10.6189 0 10.6189 0 10.6189
2.8 10.7008 10.6189 0 10.6189 0 10.6189
2.9 10.7008 10.6189 0 10.624 0 10.6189
3 10.7008 10.6189 0 10.6189 0 10.6189
3.1 10.7008 10.6189 0 10.6189 0 10.6189
3.2 10.7008 10.6189 0 10.6189 0 10.6189
3.3 10.7008 10.7059 0 10.6189 0 10.6189
3.4 10.7008 10.6189 0 10.6189 0 10.6189
3.5 10.6189 10.6189 0 10.6189 0 10.6189
3.6 10.7008 10.6189 0 10.7008 0 10.7008
3.7 10.7878 10.6189 0 10.6189 0 10.6189
3.8 10.7008 10.6189 0 10.6189 0 10.6189
3.9 10.7008 10.6189 0 10.6189 0 10.6189
4 10.7008 10.6189 0 10.6189 0 10.624
4.1 10.7008 10.6189 0 10.6189 0 10.6189
4.2 10.6189 10.6189 0 10.6189 0 10.6189
4.3 10.7008 10.6189 0 10.6189 0 10.6189
4.4 10.6189 10.6189 0 10.624 0 10.6189
4.5 10.537 10.6189 0 10.6189 0 10.6189
4.6 10.7008 10.6189 0 10.6189 0 10.6189
4.7 10.6189 10.7059 0 10.6189 0 10.6189
4.8 10.6189 10.6189 0 10.6189 0 10.6189
4.9 10.537 10.6189 0 10.6189 0 10.6189
5 10.7008 10.6189 0 10.7008 0 10.7008
5.1 11.2742 7.79776 7.5776 8.63744 6.4256 11.8835
5.2 9.84064 0 10.1734 0 10.7469 12.7078
5.3 12.6208 0 10.2298 0 9.64096 10.368
5.4 10.0454 0 10.6189 0 10.6189 10.6189
5.5 10.6189 0 10.6189 0 10.6189 10.624
5.6 10.7008 0 10.6189 0 10.6189 10.6189
5.7 10.7008 0 10.6189 0 10.6189 10.6189
5.8 10.7008 0 10.6189 0 10.6189 10.6189
5.9 10.7008 0 10.6189 0 10.624 10.6189
6 10.7008 0 10.6189 0 10.6189 10.6189
6.1 10.7008 0 10.6189 0 10.6189 10.6189
6.2 10.7008 0 10.7008 0 10.6189 10.6189
6.3 10.7008 0 10.624 0 10.6189 10.6189
6.4 10.7008 0 10.6189 0 10.6189 10.6189
6.5 10.7008 0 10.6189 0 10.7008 10.6189
6.6 10.7008 0 10.6189 0 10.6189 10.7008
6.7 10.7878 0 10.6189 0 10.6189 10.6189
6.8 10.7008 0 10.6189 0 10.6189 10.6189
6.9 10.7008 0 10.6189 0 10.6189 10.6189
7 10.7008 0 10.6189 0 10.6189 10.624
7.1 10.7008 0 10.6189 0 10.6189 10.6189
7.2 10.6189 0 10.6189 0 10.6189 10.6189
7.3 10.7008 0 10.6189 0 10.624 10.6189
7.4 10.7008 0 10.6189 0 10.6189 10.6189
7.5 10.7008 0 10.6189 0 10.6189 10.6189
7.6 10.7008 0 10.6189 0 10.6189 10.6189
7.7 10.7008 0 10.7059 0 10.6189 10.6189
7.8 10.7008 0 10.6189 0 10.6189 10.6189
7.9 10.7008 0 10.6189 0 10.6189 10.6189
8 10.6189 0 10.6189 0 10.7008 10.7008
8.1 10.7059 0 10.6189 0 10.6189 10.6189
8.2 10.7827 0 10.6189 0 10.6189 10.6189
8.3 10.7008 0 10.6189 0 10.6189 10.6189
8.4 10.7008 0 10.6189 0 10.6189 10.624
8.5 10.6189 0 10.6189 0 10.6189 10.6189
8.6 10.6189 0 10.6189 0 10.6189 10.6189
8.7 10.537 0 10.6189 0 10.6189 10.6189
8.8 10.7008 0 10.6189 0 10.624 10.6189
8.9 10.6189 0 10.6189 0 10.6189 10.6189
9 10.537 0 10.6189 0 10.6189 10.6189
9.1 10.6189 0 10.7008 0 10.6189 10.6189
9.2 10.7008 0 10.624 0 10.6189 10.6189
9.3 10.6189 0 10.6189 0 10.6189 10.6189
9.4 10.537 0 10.6189 0 10.7008 10.7008
9.5 10.7059 0 10.6189 0 10.6189 10.6189
9.6 10.7008 0 10.6189 0 10.6189 10.6189
9.7 10.6189 0 10.6189 0 10.6189 10.6189
9.8 10.537 0 10.6189 0 10.6189 10.624
9.9 10.7008 0 10.6189 0 10.6189 10.6189
10 10.6189 0 10.6189 0 10.6189 10.6189
10.1 12.032 9.8048 6.0928 8.48384 6.76864 12.4774
10.2 9.84064 9.92256 0 9.92768 0 12.3853
10.3 11.5251 10.6086 0 10.5933 0 10.1683
10.4 10.6189 10.6189 0 10.6189 0 10.624
10.5 10.7008 10.6189 0 10.6189 0 10.6189
10.6 10.7008 10.6189 0 10.6189 0 10.6189
10.7 10.7008 10.6189 0 10.6189 0 10.6189
10.8 10.7008 10.6189 0 10.624 0 10.6189
10.9 10.7008 10.6189 0 10.6189 0 10.6189
11 10.7008 10.6189 0 10.6189 0 10.6189
11.1 10.7008 10.7008 0 10.6189 0 10.6189
11.2 10.7008 10.624 0 10.6189 0 10.6189
11.3 10.7008 10.6189 0 10.6189 0 10.6189
11.4 10.7008 10.6189 0 10.7008 0 10.6189
11.5 10.7008 10.6189 0 10.6189 0 10.7008
11.6 10.7878 10.6189 0 10.6189 0 10.6189
11.7 10.7008 10.6189 0 10.6189 0 10.6189
11.8 10.7008 10.6189 0 10.6189 0 10.624
11.9 10.6189 10.6189 0 10.6189 0 10.6189
12 10.7008 10.6189 0 10.6189 0 10.6189
12.1 10.7008 10.6189 0 10.6189 0 10.6189
12.2 10.7008 10.6189 0 10.624 0 10.6189
12.3 10.7008 10.6189 0 10.6189 0 10.6189
12.4 10.7008 10.6189 0 10.6189 0 10.6189
12.5 10.7008 10.6189 0 10.6189 0 10.6189
12.6 10.7008 10.7059 0 10.6189 0 10.6189
12.7 10.7008 10.6189 0 10.6189 0 10.6189
12.8 10.6189 10.6189 0 10.7008 0 10.6189
12.9 10.7008 10.6189 0 10.6189 0 10.7008
13 10.7878 10.6189 0 10.6189 0 10.6189
13.1 10.7008 10.6189 0 10.6189 0 10.6189
13.2 10.7008 10.6189 0 10.6189 0 10.6189
13.3 10.7008 10.6189 0 10.6189 0 10.624
13.4 10.7008 10.6189 0 10.6189 0 10.6189
13.5 10.6189 10.6189 0 10.6189 0 10.6189
13.6 10.6189 10.6189 0 10.6189 0 10.6189
13.7 10.537 10.6189 0 10.624 0 10.6189
13.8 10.7008 10.6189 0 10.6189 0 10.6189
13.9 10.6189 10.6189 0 10.6189 0 10.6189
14 10.6189 10.7059 0 10.6189 0 10.6189
14.1 10.537 10.6189 0 10.6189 0 10.6189
14.2 10.7008 10.6189 0 10.6189 0 10.6189
14.3 10.6189 10.6189 0 10.7008 0 10.7008
14.4 10.5421 10.6189 0 10.6189 0 10.6189
14.5 10.7008 10.6189 0 10.6189 0 10.6189
14.6 10.7008 10.6189 0 10.6189 0 10.6189
14.7 10.6189 10.6189 0 10.6189 0 10.624
14.8 10.537 10.6189 0 10.6189 0 10.6189
14.9 10.7008 10.6189 0 10.6189 0 10.6189
15 10.6189 10.6189 0 10.6189 0 10.6189
15.1 11.607 6.99392 8.8832 7.75168 7.64928 12.2163
15.2 9.84064 0 9.68192 0 10.1734 12.7078
15.3 12.4365 0 10.6189 0 10.1171 10.025
15.4 9.8816 0 10.6189 0 10.6189 10.6189
15.5 10.7008 0 10.7059 0 10.6189 10.6189
15.6 10.7008 0 10.6189 0 10.6189 10.6189
15.7 10.7008 0 10.6189 0 10.6189 10.6189
15.8 10.7008 0 10.6189 0 10.7008 10.7008
15.9 10.7059 0 10.6189 0 10.6189 10.6189
16 10.7827 0 10.6189 0 10.6189 10.6189
16.1 10.7008 0 10.6189 0 10.6189 10.6189
16.2 10.7008 0 10.6189 0 10.6189 10.624
16.3 10.7008 0 10.6189 0 10.6189 10.6189
16.4 10.7008 0 10.6189 0 10.6189 10.6189
16.5 10.7008 0 10.6189 0 10.6189 10.6189
16.6 10.7008 0 10.6189 0 10.624 10.6189
16.7 10.7008 0 10.6189 0 10.6189 10.6189
16.8 10.6189 0 10.6189 0 10.6189 10.6189
16.9 10.7008 0 10.7008 0 10.6189 10.6189
17 10.7008 0 10.624 0 10.6189 10.6189
17.1 10.7008 0 10.6189 0 10.6189 10.6189
17.2 10.7008 0 10.6189 0 10.7008 10.7008
17.3 10.7059 0 10.6189 0 10.6189 10.6189
17.4 10.7827 0 10.6189 0 10.6189 10.6189
