0 1024 2048 2048 2048 2048 1024
0.1 0 0 0 0 0 0
0.2 0 0 0 0 0 0
0.3 0 0 0 0 0 0
0.4 0 0 0 0 0 0
0.5 0 0 0 0 0 0
0.6 0 0 0 0 0 0
0.7 0 0 0 0 0 1024
0.8 0 0 0 0 0 0
0.9 0 64 0 0 0 0
1 3072 0 0 0 0 0
1.1 19456 3072 0 0 0 0
1.2 1024 19456 0 1024 0 1024
1.3 1024 20480 0 1024 0 1024
1.4 1024 21504 0 1088 0 1024
1.5 1024 22528 0 1024 0 1024
1.6 1024 23552 0 1024 0 1024
1.7 1024 24576 0 1024 0 1024
1.8 1024 24640 0 1024 0 1024
1.9 1024 25600 0 1024 0 1024
2 1024 26624 0 1024 0 1024
2.1 1024 27648 0 1024 0 1024
2.2 1088 28672 0 1024 0 0
2.3 0 29696 0 1024 0 0
2.4 0 30720 0 1024 0 1024
2.5 0 30720 0 1024 0 1088
2.6 1024 32768 0 1024 0 1024
2.7 1024 33792 0 1024 0 1024
2.8 1024 34816 0 1024 0 1024
2.9 1024 35840 0 1024 0 1024
3 1024 36864 0 1024 0 1024
3.1 1024 37888 0 1024 0 1024
3.2 1024 38976 0 1024 0 1024
3.3 1024 38912 0 1024 0 1024
3.4 1024 39936 0 1024 0 1024
3.5 1024 39936 0 1024 0 1024
3.6 1088 40960 0 1024 0 0
3.7 0 41984 0 1024 0 0
3.8 0 43008 0 1024 0 1024
3.9 0 44032 0 1024 0 1088
4 1024 46080 0 1024 0 1024
4.1 1024 46080 0 1024 0 1024
4.2 1024 47104 0 1024 0 1024
4.3 1024 48128 0 1088 0 1024
4.4 1024 48128 0 1024 0 1024
4.5 1024 47104 0 1024 0 1024
4.6 1024 48128 0 1024 0 1024
4.7 1024 47104 0 1024 0 1024
4.8 1024 47104 0 1024 0 1024
4.9 1024 46080 0 1024 0 1024
5 2112 49152 2048 3072 2048 1024
5.1 1024 0 2048 0 1024 34816
5.2 11264 0 0 0 1024 10240
5.3 14336 0 24576 0 1024 0
5.4 0 0 19456 0 1024 1024
5.5 1024 0 19456 0 1024 1024
5.6 1024 0 21504 0 1024 1024
5.7 1024 0 22528 0 1024 1024
5.8 1024 0 23552 0 1088 1024
5.9 1024 0 24576 0 1024 1024
6 1024 0 25600 0 1024 1024
6.1 1024 0 26624 0 1024 1024
6.2 1024 0 26688 0 1024 1024
6.3 1024 0 27648 0 1024 1024
6.4 1024 0 28672 0 1024 1024
6.5 1024 0 29696 0 1024 1024
6.6 1088 0 30720 0 1024 0
6.7 0 0 31744 0 1024 0
6.8 0 0 32768 0 1024 1024
6.9 0 0 33792 0 1024 1088
7 1024 0 35840 0 1024 1024
7.1 1024 0 35840 0 1024 1024
7.2 1024 0 36864 0 1024 1024
7.3 1024 0 37888 0 1024 1024
7.4 1024 0 38912 0 1024 1024
7.5 1024 0 39936 0 1024 1024
7.6 1024 0 41024 0 1024 1024
7.7 1024 0 40960 0 1024 1024
7.8 1024 0 41984 0 1024 1024
7.9 1024 0 41984 0 1024 1024
8 1088 0 43008 0 1024 0
8.1 1024 0 44032 0 1024 0
8.2 0 0 45056 0 1024 0
8.3 0 0 46080 0 1024 1088
8.4 1024 0 47104 0 1024 1024
8.5 1024 0 48128 0 1024 1024
8.6 1024 0 48128 0 1024 1024
8.7 1024 0 47104 0 1088 1024
8.8 1024 0 48128 0 1024 1024
8.9 1024 0 48128 0 1024 1024
9 1024 0 47104 0 1024 1024
9.1 1024 0 46144 0 1024 1024
9.2 1024 0 47104 0 1024 1024
9.3 1024 0 47104 0 1024 1024
9.4 1088 0 46080 0 1024 0
9.5 1024 0 47104 0 1024 0
9.6 1024 0 47104 0 1024 0
9.7 0 0 47104 0 1024 1088
9.8 1024 0 46080 0 1024 1024
9.9 1024 0 48128 0 1024 1024
10 2048 2048 50176 2048 3072 2048
10.1 1024 7168 0 1024 0 26624
10.2 43072 5120 0 1024 0 0
10.3 0 26624 0 1024 0 1024
10.4 1024 18432 0 1024 0 1024
10.5 1024 20480 0 1024 0 1024
10.6 1024 21504 0 1024 0 1024
10.7 1024 22528 0 1088 0 1024
10.8 1024 23552 0 1024 0 1024
10.9 1024 24576 0 1024 0 1024
11 1024 25600 0 1024 0 1024
11.1 1024 25664 0 1024 0 1024
11.2 1024 26624 0 1024 0 1024
11.3 1024 27648 0 1024 0 1024
11.4 1024 28672 0 1024 0 1024
11.5 1088 29696 0 1024 0 0
11.6 0 30720 0 1024 0 0
11.7 0 31744 0 1024 0 1024
11.8 0 32768 0 1024 0 1024
11.9 2048 33792 0 1024 0 1024
12 1024 34816 0 1024 0 1024
12.1 1024 35840 0 1088 0 1024
12.2 1024 36864 0 1024 0 1024
12.3 1024 37888 0 1024 0 1024
12.4 1024 38912 0 1024 0 1024
12.5 1024 40000 0 1024 0 1024
12.6 1024 39936 0 1024 0 1024
12.7 1024 40960 0 1024 0 1024
12.8 1024 40960 0 1024 0 1024
12.9 1088 41984 0 1024 0 0
13 0 43008 0 1024 0 0
13.1 0 44032 0 1024 0 1024
13.2 0 45056 0 1024 0 1088
13.3 1024 47104 0 1024 0 1024
13.4 1024 47104 0 1024 0 1024
13.5 1024 48128 0 1024 0 1024
13.6 1024 48128 0 1088 0 1024
13.7 1024 47104 0 1024 0 1024
13.8 1024 48128 0 1024 0 1024
13.9 1024 48192 0 1024 0 1024
14 1024 47104 0 1024 0 1024
14.1 1024 46080 0 1024 0 1024
14.2 1024 47104 0 1024 0 1024
14.3 1088 47104 0 1024 0 0
14.4 1024 46080 0 1024 0 0
14.5 0 46080 0 1024 0 0
14.6 0 47104 0 1024 0 1088
14.7 1024 47104 0 1024 0 1024
14.8 1024 47104 0 1024 0 1024
14.9 1024 48128 0 1024 0 1024
15 1024 48128 0 1088 0 1024
15.1 1024 0 3136 0 1024 31744
15.2 26624 0 3072 0 0 7168
15.3 0 0 27648 0 1024 1024
15.4 1024 0 19520 0 1024 1024
15.5 1024 0 19456 0 1024 1024
15.6 1024 0 20480 0 1024 1024
15.7 1024 0 21504 0 1024 1024
15.8 1088 0 22528 0 1024 0
15.9 1024 0 23552 0 1024 0
16 0 0 24576 0 1024 0
16.1 0 0 25600 0 1024 1088
16.2 1024 0 26624 0 1024 1024
16.3 1024 0 28672 0 1024 1024
16.4 1024 0 29696 0 1024 1024
16.5 1024 0 30720 0 1088 1024
16.6 1024 0 31744 0 1024 1024
16.7 1024 0 31744 0 1024 1024
16.8 2048 0 32768 0 1024 1024
16.9 1024 0 32832 0 1024 1024
17 1024 0 33792 0 1024 1024
17.1 1024 0 34816 0 1024 1024
17.2 1024 0 35840 0 1024 0
17.3 1024 0 36864 0 1024 0
17.4 0 0 37888 0 1024 0
