0 0
0.1 0
0.2 0
0.3 0
0.4 0
0.5 0
0.6 0
0.7 1.31154e-05
0.8 0.000933184
0.9 0.00552215
1 0.000962717
1.1 0.0929611
1.2 0.245535
1.3 0.215447
1.4 0.227634
1.5 0.239804
1.6 0.251956
1.7 0.264088
1.8 0.276198
1.9 0.288286
2 0.300349
2.1 0.312388
2.2 0.3244
2.3 0.336385
2.4 0.348343
2.5 0.36023
2.6 0.362804
2.7 0.37475
2.8 0.386665
2.9 0.398547
3 0.410396
3.1 0.422212
3.2 0.433994
3.3 0.445742
3.4 0.457455
3.5 0.460289
3.6 0.472003
3.7 0.483682
3.8 0.495323
3.9 0.506928
4 0.51852
4.1 0.530051
4.2 0.533072
4.3 0.544596
4.4 0.551733
4.5 0.550004
4.6 0.542397
4.7 0.545444
4.8 0.550869
4.9 0.550004
5 0.543248
5.1 0.56874
5.2 0.484277
5.3 0.161343
5.4 0.612421
5.5 0.226528
5.6 0.228412
5.7 0.240611
5.8 0.25279
5.9 0.264948
6 0.277084
6.1 0.289196
6.2 0.301283
6.3 0.313345
6.4 0.325379
6.5 0.337386
6.6 0.349364
6.7 0.361313
6.8 0.373231
6.9 0.385119
7 0.396996
7.1 0.408816
7.2 0.411506
7.3 0.423339
7.4 0.435137
7.5 0.446901
7.6 0.45863
7.7 0.470323
7.8 0.481981
7.9 0.493597
8 0.496535
8.1 0.508154
8.2 0.519735
8.3 0.531279
8.4 0.54281
8.5 0.55357
8.6 0.550475
8.7 0.550017
8.8 0.54371
8.9 0.552659
9 0.550017
9.1 0.550017
9.2 0.544609
9.3 0.551746
9.4 0.550017
9.5 0.54246
9.6 0.5516
9.7 0.550832
9.8 0.549992
9.9 0.543386
10 0.552989
10.1 0.421891
10.2 0.592814
10.3 0.331937
10.4 0.214506
10.5 0.215724
10.6 0.227921
10.7 0.240102
10.8 0.252264
10.9 0.264405
11 0.276525
11.1 0.288622
11.2 0.300694
11.3 0.312741
11.4 0.324762
11.5 0.336755
11.6 0.34872
11.7 0.360656
11.8 0.372562
11.9 0.384138
12 0.387061
12.1 0.39895
12.2 0.410806
12.3 0.422628
12.4 0.434416
12.5 0.44617
12.6 0.457889
12.7 0.469572
12.8 0.47244
12.9 0.484124
13 0.495771
13.1 0.507381
13.2 0.518953
13.3 0.530513
13.4 0.542002
13.5 0.545061
13.6 0.551291
13.7 0.55002
13.8 0.542913
13.9 0.553472
14 0.550376
14.1 0.55002
14.2 0.543814
14.3 0.552561
14.4 0.55002
14.5 0.543762
14.6 0.544712
14.7 0.551622
14.8 0.549995
14.9 0.542589
15 0.55373
15.1 0.587709
15.2 0.536604
15.3 0.260053
15.4 0.619448
15.5 0.215516
15.6 0.227706
15.7 0.239878
15.8 0.252033
15.9 0.264167
16 0.276279
16.1 0.288369
16.2 0.300453
16.3 0.312495
16.4 0.324509
16.5 0.336497
16.6 0.348457
16.7 0.360386
16.8 0.370994
16.9 0.374847
17 0.386763
17.1 0.398647
17.2 0.410498
17.3 0.422316
17.4 0.434099
