0 -nan
0.1 -nan
0.2 -nan
0.3 -nan
0.4 -nan
0.5 -nan
0.6 -nan
0.7 -nan
0.8 -nan
0.9 -nan
1 -nan
1.1 11.5935
1.2 15.9472
1.3 18.0523
1.4 19.499
1.5 19.6116
1.6 19.4572
1.7 19.343
1.8 19.2774
1.9 19.4371
2 19.546
2.1 19.5848
2.2 19.437
2.3 19.296
2.4 19.3244
2.5 19.437
2.6 19.5997
2.7 19.531
2.8 19.4169
2.9 19.2625
3 19.3781
3.1 19.4788
3.2 19.6519
3.3 19.44
3.4 19.44
3.5 19.44
3.6 19.44
3.7 19.44
3.8 19.44
3.9 19.44
4 19.44
4.1 19.44
4.2 19.44
4.3 19.44
4.4 19.44
4.5 19.44
4.6 19.44
4.7 19.44
4.8 19.44
4.9 19.44
5 19.44
5.1 19.44
5.2 19.44
5.3 19.44
5.4 19.44
5.5 19.44
5.6 19.44
5.7 19.44
5.8 19.44
5.9 19.44
6 19.44
6.1 19.44
6.2 19.44
6.3 19.44
6.4 19.44
6.5 19.44
6.6 19.44
6.7 19.44
6.8 19.44
6.9 19.44
7 19.44
7.1 19.44
7.2 19.44
7.3 19.44
7.4 19.44
7.5 19.44
7.6 19.44
7.7 19.44
7.8 19.44
7.9 19.44
8 19.44
8.1 19.44
8.2 19.44
8.3 19.44
8.4 19.44
8.5 19.44
8.6 19.44
8.7 19.44
8.8 19.44
8.9 19.44
9 19.44
9.1 19.44
9.2 19.44
9.3 19.44
9.4 19.44
9.5 19.44
9.6 19.44
9.7 19.44
9.8 19.44
9.9 19.44
10 19.44
10.1 19.44
10.2 19.44
10.3 19.44
10.4 19.44
10.5 19.44
10.6 19.44
10.7 19.44
10.8 19.44
10.9 19.44
11 19.44
11.1 19.44
11.2 19.44
11.3 19.44
11.4 19.44
11.5 19.44
11.6 19.44
11.7 19.44
11.8 19.44
11.9 19.44
12 19.44
12.1 19.44
12.2 19.44
12.3 19.44
12.4 19.44
12.5 19.44
12.6 19.44
12.7 19.44
12.8 19.44
12.9 19.44
13 19.44
13.1 19.44
13.2 19.44
13.3 19.44
13.4 19.44
13.5 19.44
13.6 19.44
13.7 19.44
13.8 19.44
13.9 19.44
14 19.44
14.1 19.44
14.2 19.44
14.3 19.44
14.4 19.44
14.5 19.44
14.6 19.44
14.7 19.44
14.8 19.44
14.9 19.44
15 19.44
15.1 19.44
15.2 19.44
15.3 19.44
15.4 19.44
15.5 19.44
15.6 19.44
15.7 19.44
15.8 19.44
15.9 19.44
16 19.44
16.1 19.44
16.2 19.44
16.3 19.44
16.4 19.44
16.5 19.44
16.6 19.44
16.7 19.44
16.8 19.44
16.9 19.44
17 19.44
